-2	-2	9.7725e-237
-1.9	-2	1.27226e-222
-1.8	-2	6.0933e-209
-1.7	-2	1.07358e-195
-1.6	-2	6.9586e-183
-1.5	-2	1.65926e-170
-1.4	-2	1.4555e-158
-1.3	-2	4.69695e-147
-1.2	-2	5.57604e-136
-1.1	-2	2.43523e-125
-1	-2	3.91256e-115
-0.9	-2	2.31253e-105
-0.8	-2	5.02826e-096
-0.7	-2	4.02212e-087
-0.6	-2	1.18358e-078
-0.5	-2	1.28128e-070
-0.4	-2	5.10268e-063
-0.3	-2	7.4758e-056
-0.2	-2	4.02923e-049
-0.1	-2	7.98899e-043
4.44089e-016	-2	5.8273e-037
0.1	-2	1.56368e-031
0.2	-2	1.5436e-026
0.3	-2	5.60566e-022
0.4	-2	7.48902e-018
0.5	-2	3.68068e-014
0.6	-2	6.65482e-011
0.700001	-2	4.4264e-008
0.800121	-1.99998	1.08298e-005
0.908813	-1.99789	0.000965147
1.16562	-1.94856	0.0235034
1.33793	-1.89504	0.0479532
1.33799	-1.89502	0.0479659
1.33799	-1.89502	0.0479659
1.33799	-1.89502	0.0479659
1.33804	-1.89504	0.0479532
1.47162	-1.94856	0.0235034
1.69272	-1.99789	0.000965147
1.7999	-1.99998	1.08298e-005
1.9	-2	4.4264e-008
-2	-1.9	1.61121e-236
-1.9	-1.9	2.09761e-222
-1.8	-1.9	1.00462e-208
-1.7	-1.9	1.77003e-195
-1.6	-1.9	1.14728e-182
-1.5	-1.9	2.73566e-170
-1.4	-1.9	2.39972e-158
-1.3	-1.9	7.74397e-147
-1.2	-1.9	9.19333e-136
-1.1	-1.9	4.01502e-125
-1	-1.9	6.45072e-115
-0.9	-1.9	3.81271e-105
-0.8	-1.9	8.2902e-096
-0.7	-1.9	6.63135e-087
-0.6	-1.9	1.95139e-078
-0.5	-1.9	2.11248e-070
-0.4	-1.9	8.4129e-063
-0.3	-1.9	1.23255e-055
-0.2	-1.9	6.64308e-049
-0.1	-1.9	1.31716e-042
4.44089e-016	-1.9	9.6076e-037
0.1	-1.9	2.57808e-031
0.2	-1.9	2.54497e-026
0.3	-1.9	9.24218e-022
0.4	-1.9	1.23473e-017
0.5	-1.9	6.06841e-014
0.6	-1.9	1.09719e-010
0.700001	-1.9	7.29789e-008
0.8002	-1.9	1.7854e-005
0.914435	-1.89984	0.00158086
1.22665	-1.89666	0.0321647
1.33799	-1.89502	0.0479659
1.33799	-1.89502	0.0479659
1.33799	-1.89502	0.0479659
1.33799	-1.89502	0.0479659
1.33799	-1.89502	0.0479659
1.4243	-1.89666	0.0321647
1.68807	-1.89984	0.00158086
1.79983	-1.9	1.7854e-005
1.9	-1.9	7.29789e-008
-2	-1.8	9.7725e-237
-1.9	-1.8	1.27226e-222
-1.8	-1.8	6.0933e-209
-1.7	-1.8	1.07358e-195
-1.6	-1.8	6.9586e-183
-1.5	-1.8	1.65926e-170
-1.4	-1.8	1.4555e-158
-1.3	-1.8	4.69695e-147
-1.2	-1.8	5.57604e-136
-1.1	-1.8	2.43523e-125
-1	-1.8	3.91256e-115
-0.9	-1.8	2.31253e-105
-0.8	-1.8	5.02826e-096
-0.7	-1.8	4.02212e-087
-0.6	-1.8	1.18358e-078
-0.5	-1.8	1.28128e-070
-0.4	-1.8	5.10268e-063
-0.3	-1.8	7.4758e-056
-0.2	-1.8	4.02923e-049
-0.1	-1.8	7.98899e-043
4.44089e-016	-1.8	5.8273e-037
0.1	-1.8	1.56368e-031
0.2	-1.8	1.5436e-026
0.3	-1.8	5.60566e-022
0.4	-1.8	7.48902e-018
0.5	-1.8	3.68068e-014
0.6	-1.8	6.65482e-011
0.700001	-1.8	4.4264e-008
0.800121	-1.80002	1.08298e-005
0.908813	-1.80191	0.000965147
1.16562	-1.84656	0.0235034
1.33793	-1.89499	0.0479532
1.33799	-1.89502	0.0479659
1.33799	-1.89502	0.0479659
1.33799	-1.89502	0.0479659
1.33804	-1.89499	0.0479532
1.47162	-1.84656	0.0235034
1.69272	-1.80191	0.000965147
1.7999	-1.80002	1.08298e-005
1.9	-1.8	4.4264e-008
-2	-1.7	2.18054e-237
-1.9	-1.7	2.8388e-223
-1.8	-1.7	1.3596e-209
-1.7	-1.7	2.39548e-196
-1.6	-1.7	1.55267e-183
-1.5	-1.7	3.70231e-171
-1.4	-1.7	3.24766e-159
-1.3	-1.7	1.04803e-147
-1.2	-1.7	1.24418e-136
-1.1	-1.7	5.43374e-126
-1	-1.7	8.7301e-116
-0.9	-1.7	5.15994e-106
-0.8	-1.7	1.12196e-096
-0.7	-1.7	8.97456e-088
-0.6	-1.7	2.64092e-079
-0.5	-1.7	2.85893e-071
-0.4	-1.7	1.13856e-063
-0.3	-1.7	1.66808e-056
-0.2	-1.7	8.99043e-050
-0.1	-1.7	1.78259e-043
4.44089e-016	-1.7	1.30025e-037
0.1	-1.7	3.48905e-032
0.2	-1.7	3.44424e-027
0.3	-1.7	1.25079e-022
0.4	-1.7	1.67103e-018
0.5	-1.7	8.2127e-015
0.6	-1.7	1.48489e-011
0.7	-1.7	9.87663e-009
0.800027	-1.70001	2.41667e-006
0.901982	-1.70088	0.000217055
1.04714	-1.7272	0.00668973
1.29987	-1.86378	0.0402824
1.33796	-1.89496	0.0479532
1.33799	-1.89502	0.0479659
1.33801	-1.89496	0.0479532
1.36394	-1.86378	0.0402824
1.56346	-1.7272	0.00668973
1.69836	-1.70088	0.000217055
1.79998	-1.70001	2.41667e-006
1.9	-1.7	9.87663e-009
-2	-1.6	1.7899e-238
-1.9	-1.6	2.33023e-224
-1.8	-1.6	1.11603e-210
-1.7	-1.6	1.96633e-197
-1.6	-1.6	1.27451e-184
-1.5	-1.6	3.03904e-172
-1.4	-1.6	2.66584e-160
-1.3	-1.6	8.60277e-149
-1.2	-1.6	1.02129e-137
-1.1	-1.6	4.46028e-127
-1	-1.6	7.1661e-117
-0.9	-1.6	4.23554e-107
-0.8	-1.6	9.20958e-098
-0.7	-1.6	7.36677e-089
-0.6	-1.6	2.1678e-080
-0.5	-1.6	2.34675e-072
-0.4	-1.6	9.34589e-065
-0.3	-1.6	1.36924e-057
-0.2	-1.6	7.37979e-051
-0.1	-1.6	1.46323e-044
4.44089e-016	-1.6	1.06731e-038
0.1	-1.6	2.86398e-033
0.2	-1.6	2.8272e-028
0.3	-1.6	1.02671e-023
0.4	-1.6	1.37166e-019
0.5	-1.6	6.7414e-016
0.6	-1.6	1.21887e-012
0.7	-1.6	8.10723e-010
0.800002	-1.6	1.98377e-007
0.900163	-1.60011	1.7854e-005
1.00414	-1.60361	0.000587728
1.13319	-1.64115	0.00668973
1.26762	-1.74456	0.0235034
1.32548	-1.79783	0.0321647
1.36962	-1.74456	0.0235034
1.47741	-1.64115	0.00668973
1.59679	-1.60361	0.000587728
1.69987	-1.60011	1.7854e-005
1.8	-1.6	1.98377e-007
1.9	-1.6	8.10723e-010
-2	-1.5	5.40502e-240
-1.9	-1.5	7.03668e-226
-1.8	-1.5	3.37011e-212
-1.7	-1.5	5.9378e-199
-1.6	-1.5	3.84869e-186
-1.5	-1.5	9.1771e-174
-1.4	-1.5	8.05015e-162
-1.3	-1.5	2.59781e-150
-1.2	-1.5	3.08402e-139
-1.1	-1.5	1.34689e-128
-1	-1.5	2.16397e-118
-0.9	-1.5	1.27902e-108
-0.8	-1.5	2.78105e-099
-0.7	-1.5	2.22457e-090
-0.6	-1.5	6.54619e-082
-0.5	-1.5	7.08658e-074
-0.4	-1.5	2.82221e-066
-0.3	-1.5	4.13475e-059
-0.2	-1.5	2.2285e-052
-0.1	-1.5	4.41859e-046
4.44089e-016	-1.5	3.22299e-040
0.1	-1.5	8.64848e-035
0.2	-1.5	8.53742e-030
0.3	-1.5	3.10041e-025
0.4	-1.5	4.14206e-021
0.5	-1.5	2.03573e-017
0.6	-1.5	3.68068e-014
0.7	-1.5	2.44817e-011
0.8	-1.5	5.99048e-009
0.900005	-1.5	5.39243e-007
1.00013	-1.50015	1.7854e-005
1.10108	-1.50179	0.000217055
1.20278	-1.50795	0.000965147
1.30125	-1.51302	0.00158086
1.39875	-1.50795	0.000965147
1.49927	-1.50179	0.000217055
1.5999	-1.50015	1.7854e-005
1.7	-1.5	5.39243e-007
1.8	-1.5	5.99048e-009
1.9	-1.5	2.44817e-011
-2	-1.4	6.00443e-242
-1.9	-1.4	7.81705e-228
-1.8	-1.4	3.74385e-214
-1.7	-1.4	6.5963e-201
-1.6	-1.4	4.27551e-188
-1.5	-1.4	1.01948e-175
-1.4	-1.4	8.94291e-164
-1.3	-1.4	2.88591e-152
-1.2	-1.4	3.42604e-141
-1.1	-1.4	1.49626e-130
-1	-1.4	2.40396e-120
-0.9	-1.4	1.42086e-110
-0.8	-1.4	3.08947e-101
-0.7	-1.4	2.47127e-092
-0.6	-1.4	7.27216e-084
-0.5	-1.4	7.87248e-076
-0.4	-1.4	3.1352e-068
-0.3	-1.4	4.59329e-061
-0.2	-1.4	2.47564e-054
-0.1	-1.4	4.90861e-048
4.44089e-016	-1.4	3.58042e-042
0.1	-1.4	9.6076e-037
0.2	-1.4	9.48421e-032
0.3	-1.4	3.44424e-027
0.4	-1.4	4.60141e-023
0.5	-1.4	2.26149e-019
0.6	-1.4	4.08886e-016
0.7	-1.4	2.71967e-013
0.8	-1.4	6.65482e-011
0.9	-1.4	5.99048e-009
1	-1.4	1.98377e-007
1.10001	-1.40002	2.41667e-006
1.20003	-1.40011	1.08298e-005
1.30001	-1.40018	1.7854e-005
1.39999	-1.40011	1.08298e-005
1.49999	-1.40002	2.41667e-006
1.6	-1.4	1.98377e-007
1.7	-1.4	5.99048e-009
1.8	-1.4	6.65482e-011
1.9	-1.4	2.71967e-013
-2	-1.3	2.45387e-244
-1.9	-1.3	3.19465e-230
-1.8	-1.3	1.53003e-216
-1.7	-1.3	2.69576e-203
-1.6	-1.3	1.7473e-190
-1.5	-1.3	4.1664e-178
-1.4	-1.3	3.65476e-166
-1.3	-1.3	1.1794e-154
-1.2	-1.3	1.40014e-143
-1.1	-1.3	6.11487e-133
-1	-1.3	9.82443e-123
-0.9	-1.3	5.80675e-113
-0.8	-1.3	1.2626e-103
-0.7	-1.3	1.00995e-094
-0.6	-1.3	2.97197e-086
-0.5	-1.3	3.2173e-078
-0.4	-1.3	1.28128e-070
-0.3	-1.3	1.87717e-063
-0.2	-1.3	1.01174e-056
-0.1	-1.3	2.00604e-050
4.44089e-016	-1.3	1.46323e-044
0.1	-1.3	3.9264e-039
0.2	-1.3	3.87598e-034
0.3	-1.3	1.40758e-029
0.4	-1.3	1.88049e-025
0.5	-1.3	9.24218e-022
0.6	-1.3	1.67103e-018
0.7	-1.3	1.11147e-015
0.8	-1.3	2.71967e-013
0.9	-1.3	2.44817e-011
1	-1.3	8.10723e-010
1.1	-1.3	9.87663e-009
1.2	-1.3	4.4264e-008
1.3	-1.3	7.29789e-008
1.4	-1.3	4.4264e-008
1.5	-1.3	9.87663e-009
1.6	-1.3	8.10723e-010
1.7	-1.3	2.44817e-011
1.8	-1.3	2.71967e-013
1.9	-1.3	1.11147e-015
-2	-1.2	3.68925e-247
-1.9	-1.2	4.80296e-233
-1.8	-1.2	2.3003e-219
-1.7	-1.2	4.05291e-206
-1.6	-1.2	2.62696e-193
-1.5	-1.2	6.26393e-181
-1.4	-1.2	5.49471e-169
-1.3	-1.2	1.77316e-157
-1.2	-1.2	2.10503e-146
-1.1	-1.2	9.19333e-136
-1	-1.2	1.47704e-125
-0.9	-1.2	8.7301e-116
-0.8	-1.2	1.89824e-106
-0.7	-1.2	1.5184e-097
-0.6	-1.2	4.46817e-089
-0.5	-1.2	4.83702e-081
-0.4	-1.2	1.92633e-073
-0.3	-1.2	2.82221e-066
-0.2	-1.2	1.52109e-059
-0.1	-1.2	3.01595e-053
4.44089e-016	-1.2	2.19988e-047
0.1	-1.2	5.90311e-042
0.2	-1.2	5.8273e-037
0.3	-1.2	2.11621e-032
0.4	-1.2	2.8272e-028
0.5	-1.2	1.38951e-024
0.6	-1.2	2.51228e-021
0.7	-1.2	1.67103e-018
0.8	-1.2	4.08886e-016
0.9	-1.2	3.68068e-014
1	-1.2	1.21887e-012
1.1	-1.2	1.48489e-011
1.2	-1.2	6.65482e-011
1.3	-1.2	1.09719e-010
1.4	-1.2	6.65482e-011
1.5	-1.2	1.48489e-011
1.6	-1.2	1.21887e-012
1.7	-1.2	3.68068e-014
1.8	-1.2	4.08886e-016
1.9	-1.2	1.67103e-018
-2	-1.1	2.04047e-250
-1.9	-1.1	2.65644e-236
-1.8	-1.1	1.27226e-222
-1.7	-1.1	2.2416e-209
-1.6	-1.1	1.45293e-196
-1.5	-1.1	3.46448e-184
-1.4	-1.1	3.03904e-172
-1.3	-1.1	9.80709e-161
-1.2	-1.1	1.16426e-149
-1.1	-1.1	5.08469e-139
-1	-1.1	8.16929e-129
-0.9	-1.1	4.82848e-119
-0.8	-1.1	1.04989e-109
-0.7	-1.1	8.39805e-101
-0.6	-1.1	2.47127e-092
-0.5	-1.1	2.67528e-084
-0.4	-1.1	1.06542e-076
-0.3	-1.1	1.56092e-069
-0.2	-1.1	8.4129e-063
-0.1	-1.1	1.66808e-056
4.44089e-016	-1.1	1.21672e-050
0.1	-1.1	3.26492e-045
0.2	-1.1	3.22299e-040
0.3	-1.1	1.17044e-035
0.4	-1.1	1.56368e-031
0.5	-1.1	7.68514e-028
0.6	-1.1	1.38951e-024
0.7	-1.1	9.24218e-022
0.8	-1.1	2.26149e-019
0.9	-1.1	2.03573e-017
1	-1.1	6.7414e-016
1.1	-1.1	8.2127e-015
1.2	-1.1	3.68068e-014
1.3	-1.1	6.06841e-014
1.4	-1.1	3.68068e-014
1.5	-1.1	8.2127e-015
1.6	-1.1	6.7414e-016
1.7	-1.1	2.03573e-017
1.8	-1.1	2.26149e-019
1.9	-1.1	9.24218e-022
-2	-1	4.15171e-254
-1.9	-1	5.40502e-240
-1.8	-1	2.58865e-226
-1.7	-1	4.56095e-213
-1.6	-1	2.95626e-200
-1.5	-1	7.04912e-188
-1.4	-1	6.18348e-176
-1.3	-1	1.99543e-164
-1.2	-1	2.3689e-153
-1.1	-1	1.03457e-142
-1	-1	1.66219e-132
-0.9	-1	9.82443e-123
-0.8	-1	2.13618e-113
-0.7	-1	1.70874e-104
-0.6	-1	5.02826e-096
-0.5	-1	5.44335e-088
-0.4	-1	2.1678e-080
-0.3	-1	3.17598e-073
-0.2	-1	1.71176e-066
-0.1	-1	3.39401e-060
4.44089e-016	-1	2.47564e-054
0.1	-1	6.64308e-049
0.2	-1	6.55776e-044
0.3	-1	2.38148e-039
0.4	-1	3.1816e-035
0.5	-1	1.56368e-031
0.6	-1	2.8272e-028
0.7	-1	1.88049e-025
0.8	-1	4.60141e-023
0.9	-1	4.14206e-021
1	-1	1.37166e-019
1.1	-1	1.67103e-018
1.2	-1	7.48902e-018
1.3	-1	1.23473e-017
1.4	-1	7.48902e-018
1.5	-1	1.67103e-018
1.6	-1	1.37166e-019
1.7	-1	4.14206e-021
1.8	-1	4.60141e-023
1.9	-1	1.88049e-025
-2	-0.9	3.10763e-258
-1.9	-0.9	4.04576e-244
-1.8	-0.9	1.93765e-230
-1.7	-0.9	3.41395e-217
-1.6	-0.9	2.21281e-204
-1.5	-0.9	5.2764e-192
-1.4	-0.9	4.62845e-180
-1.3	-0.9	1.49362e-168
-1.2	-0.9	1.77316e-157
-1.1	-0.9	7.74397e-147
-1	-0.9	1.24418e-136
-0.9	-0.9	7.35376e-127
-0.8	-0.9	1.59897e-117
-0.7	-0.9	1.27902e-108
-0.6	-0.9	3.76375e-100
-0.5	-0.9	4.07444e-092
-0.4	-0.9	1.62264e-084
-0.3	-0.9	2.37728e-077
-0.2	-0.9	1.28128e-070
-0.1	-0.9	2.54048e-064
4.44089e-016	-0.9	1.85306e-058
0.1	-0.9	4.97246e-053
0.2	-0.9	4.90861e-048
0.3	-0.9	1.78259e-043
0.4	-0.9	2.38148e-039
0.5	-0.9	1.17044e-035
0.6	-0.9	2.11621e-032
0.7	-0.9	1.40758e-029
0.8	-0.9	3.44424e-027
0.9	-0.9	3.10041e-025
1	-0.9	1.02671e-023
1.1	-0.9	1.25079e-022
1.2	-0.9	5.60566e-022
1.3	-0.9	9.24218e-022
1.4	-0.9	5.60566e-022
1.5	-0.9	1.25079e-022
1.6	-0.9	1.02671e-023
1.7	-0.9	3.10041e-025
1.8	-0.9	3.44424e-027
1.9	-0.9	1.40758e-029
-2	-0.8	8.5573e-263
-1.9	-0.8	1.11406e-248
-1.8	-0.8	5.33561e-235
-1.7	-0.8	9.40081e-222
-1.6	-0.8	6.0933e-209
-1.5	-0.8	1.45293e-196
-1.4	-0.8	1.27451e-184
-1.3	-0.8	4.11289e-173
-1.2	-0.8	4.88266e-162
-1.1	-0.8	2.13241e-151
-1	-0.8	3.42604e-141
-0.9	-0.8	2.02497e-131
-0.8	-0.8	4.403e-122
-0.7	-0.8	3.52197e-113
-0.6	-0.8	1.0364e-104
-0.5	-0.8	1.12196e-096
-0.4	-0.8	4.46817e-089
-0.3	-0.8	6.54619e-082
-0.2	-0.8	3.5282e-075
-0.1	-0.8	6.99557e-069
4.44089e-016	-0.8	5.10268e-063
0.1	-0.8	1.36924e-057
0.2	-0.8	1.35166e-052
0.3	-0.8	4.90861e-048
0.4	-0.8	6.55776e-044
0.5	-0.8	3.22299e-040
0.6	-0.8	5.8273e-037
0.7	-0.8	3.87598e-034
0.8	-0.8	9.48421e-032
0.9	-0.8	8.53742e-030
1	-0.8	2.8272e-028
1.1	-0.8	3.44424e-027
1.2	-0.8	1.5436e-026
1.3	-0.8	2.54497e-026
1.4	-0.8	1.5436e-026
1.5	-0.8	3.44424e-027
1.6	-0.8	2.8272e-028
1.7	-0.8	8.53742e-030
1.8	-0.8	9.48421e-032
1.9	-0.8	3.87598e-034
-2	-0.7	8.66863e-268
-1.9	-0.7	1.12855e-253
-1.8	-0.7	5.40502e-240
-1.7	-0.7	9.52311e-227
-1.6	-0.7	6.17257e-214
-1.5	-0.7	1.47183e-201
-1.4	-0.7	1.29109e-189
-1.3	-0.7	4.1664e-178
-1.2	-0.7	4.94618e-167
-1.1	-0.7	2.16016e-156
-1	-0.7	3.47061e-146
-0.9	-0.7	2.05131e-136
-0.8	-0.7	4.46028e-127
-0.7	-0.7	3.56779e-118
-0.6	-0.7	1.04989e-109
-0.5	-0.7	1.13655e-101
-0.4	-0.7	4.5263e-094
-0.3	-0.7	6.63135e-087
-0.2	-0.7	3.5741e-080
-0.1	-0.7	7.08658e-074
4.44089e-016	-0.7	5.16907e-068
0.1	-0.7	1.38705e-062
0.2	-0.7	1.36924e-057
0.3	-0.7	4.97246e-053
0.4	-0.7	6.64308e-049
0.5	-0.7	3.26492e-045
0.6	-0.7	5.90311e-042
0.7	-0.7	3.9264e-039
0.8	-0.7	9.6076e-037
0.9	-0.7	8.64848e-035
1	-0.7	2.86398e-033
1.1	-0.7	3.48905e-032
1.2	-0.7	1.56368e-031
1.3	-0.7	2.57808e-031
1.4	-0.7	1.56368e-031
1.5	-0.7	3.48905e-032
1.6	-0.7	2.86398e-033
1.7	-0.7	8.64848e-035
1.8	-0.7	9.6076e-037
1.9	-0.7	3.9264e-039
-2	-0.6	3.24007e-273
-1.9	-0.6	4.20634e-259
-1.8	-0.6	2.01428e-245
-1.7	-0.6	3.54893e-232
-1.6	-0.6	2.3003e-219
-1.5	-0.6	5.48502e-207
-1.4	-0.6	4.81145e-195
-1.3	-0.6	1.55267e-183
-1.2	-0.6	1.84327e-172
-1.1	-0.6	8.05015e-162
-1	-0.6	1.29337e-151
-0.9	-0.6	7.64452e-142
-0.8	-0.6	1.66219e-132
-0.7	-0.6	1.32959e-123
-0.6	-0.6	3.91256e-115
-0.5	-0.6	4.23554e-107
-0.4	-0.6	1.68679e-099
-0.3	-0.6	2.47127e-092
-0.2	-0.6	1.33194e-085
-0.1	-0.6	2.64092e-079
4.44089e-016	-0.6	1.92633e-073
0.1	-0.6	5.16907e-068
0.2	-0.6	5.10268e-063
0.3	-0.6	1.85306e-058
0.4	-0.6	2.47564e-054
0.5	-0.6	1.21672e-050
0.6	-0.6	2.19988e-047
0.7	-0.6	1.46323e-044
0.8	-0.6	3.58042e-042
0.9	-0.6	3.22299e-040
1	-0.6	1.06731e-038
1.1	-0.6	1.30025e-037
1.2	-0.6	5.8273e-037
1.3	-0.6	9.6076e-037
1.4	-0.6	5.8273e-037
1.5	-0.6	1.30025e-037
1.6	-0.6	1.06731e-038
1.7	-0.6	3.22299e-040
1.8	-0.6	3.58042e-042
1.9	-0.6	1.46323e-044
-2	-0.5	1.03663e-267
-1.9	-0.5	6.7191e-255
-1.8	-0.5	1.60215e-242
-1.7	-0.5	1.40541e-230
-1.6	-0.5	4.5353e-219
-1.5	-0.5	5.3842e-208
-1.4	-0.5	2.35208e-197
-1.3	-0.5	3.79918e-187
-1.2	-0.5	2.48564e-177
-1.1	-0.5	1.58916e-167
-1	-0.5	1.812e-157
-0.9	-0.5	1.04918e-147
-0.8	-0.5	2.27892e-138
-0.7	-0.5	1.82282e-129
-0.6	-0.5	5.36396e-121
-0.5	-0.5	5.80675e-113
-0.4	-0.5	2.31253e-105
-0.3	-0.5	3.38802e-098
-0.2	-0.5	1.82604e-091
-0.1	-0.5	3.6206e-085
4.44089e-016	-0.5	2.64092e-079
0.1	-0.5	7.08658e-074
0.2	-0.5	6.99557e-069
0.3	-0.5	2.54048e-064
0.4	-0.5	3.39401e-060
0.5	-0.5	1.66808e-056
0.6	-0.5	3.01595e-053
0.7	-0.5	2.00604e-050
0.8	-0.5	4.90861e-048
0.9	-0.5	4.41859e-046
1	-0.5	1.46323e-044
1.1	-0.5	1.78259e-043
1.2	-0.5	7.98899e-043
1.3	-0.5	1.31716e-042
1.4	-0.5	7.98899e-043
1.5	-0.5	1.78259e-043
1.6	-0.5	1.46323e-044
1.7	-0.5	4.41859e-046
1.8	-0.5	4.90861e-048
1.9	-0.5	2.00604e-050
-2	-0.4	4.12836e-260
-1.9	-0.4	2.67587e-247
-1.8	-0.4	6.38054e-235
-1.7	-0.4	5.597e-223
-1.6	-0.4	1.80617e-211
-1.5	-0.4	2.14422e-200
-1.4	-0.4	9.36447e-190
-1.3	-0.4	1.50454e-179
-1.2	-0.4	8.89262e-170
-1.1	-0.4	1.93357e-160
-1	-0.4	1.54667e-151
-0.9	-0.4	4.55135e-143
-0.8	-0.4	4.92706e-135
-0.7	-0.4	1.96219e-127
-0.6	-0.4	2.87475e-120
-0.5	-0.4	1.54941e-113
-0.4	-0.4	3.07221e-107
-0.3	-0.4	2.24255e-101
-0.2	-0.4	6.1051e-096
-0.1	-0.4	7.76182e-091
4.44089e-016	-0.4	1.5475e-085
0.1	-0.4	3.6029e-080
0.2	-0.4	3.52961e-075
0.3	-0.4	1.28131e-070
0.4	-0.4	1.71176e-066
0.5	-0.4	8.4129e-063
0.6	-0.4	1.52109e-059
0.7	-0.4	1.01174e-056
0.8	-0.4	2.47564e-054
0.9	-0.4	2.2285e-052
1	-0.4	7.37979e-051
1.1	-0.4	8.99043e-050
1.2	-0.4	4.02923e-049
1.3	-0.4	6.64308e-049
1.4	-0.4	4.02923e-049
1.5	-0.4	8.99043e-050
1.6	-0.4	7.37979e-051
1.7	-0.4	2.2285e-052
1.8	-0.4	2.47564e-054
1.9	-0.4	1.01174e-056
-2	-0.3	6.04834e-253
-1.9	-0.3	3.92034e-240
-1.8	-0.3	9.34795e-228
-1.7	-0.3	8.20001e-216
-1.6	-0.3	2.64617e-204
-1.5	-0.3	3.14143e-193
-1.4	-0.3	1.37196e-182
-1.3	-0.3	2.20426e-172
-1.2	-0.3	1.30283e-162
-1.1	-0.3	2.83283e-153
-1	-0.3	2.26598e-144
-0.9	-0.3	6.66805e-136
-0.8	-0.3	7.2185e-128
-0.7	-0.3	2.87475e-120
-0.6	-0.3	4.21172e-113
-0.5	-0.3	2.26999e-106
-0.4	-0.3	4.50084e-100
-0.3	-0.3	3.28299e-094
-0.2	-0.3	8.80948e-089
-0.1	-0.3	8.69635e-084
4.44089e-016	-0.3	3.15812e-079
0.1	-0.3	4.21917e-075
0.2	-0.3	2.07362e-071
0.3	-0.3	3.7492e-068
0.4	-0.3	2.49375e-065
0.5	-0.3	6.102e-063
0.6	-0.3	5.49287e-061
0.7	-0.3	1.81917e-059
0.8	-0.3	2.22056e-058
0.9	-0.3	1.03448e-057
1	-0.3	3.00663e-057
1.1	-0.3	1.76739e-056
1.2	-0.3	7.49796e-056
1.3	-0.3	1.23273e-055
1.4	-0.3	7.47585e-056
1.5	-0.3	1.66808e-056
1.6	-0.3	1.36924e-057
1.7	-0.3	4.13475e-059
1.8	-0.3	4.59329e-061
1.9	-0.3	1.87717e-063
-2	-0.2	3.25987e-246
-1.9	-0.2	2.11294e-233
-1.8	-0.2	5.03826e-221
-1.7	-0.2	4.41956e-209
-1.6	-0.2	1.42621e-197
-1.5	-0.2	1.69314e-186
-1.4	-0.2	7.39447e-176
-1.3	-0.2	1.18803e-165
-1.2	-0.2	7.02187e-156
-1.1	-0.2	1.52681e-146
-1	-0.2	1.2213e-137
-0.9	-0.2	3.59388e-129
-0.8	-0.2	3.89055e-121
-0.7	-0.2	1.54941e-113
-0.6	-0.2	2.26999e-106
-0.5	-0.2	1.22346e-099
-0.4	-0.2	2.42582e-093
-0.3	-0.2	1.76943e-087
-0.2	-0.2	4.74805e-082
-0.1	-0.2	4.68707e-077
4.44089e-016	-0.2	1.70213e-072
0.1	-0.2	2.274e-068
0.2	-0.2	1.11762e-064
0.3	-0.2	2.0207e-061
0.4	-0.2	1.34405e-058
0.5	-0.2	3.28879e-056
0.6	-0.2	2.96048e-054
0.7	-0.2	9.80375e-053
0.8	-0.2	1.19434e-051
0.9	-0.2	5.35267e-051
1	-0.2	8.82506e-051
1.1	-0.2	5.35267e-051
1.2	-0.2	1.19434e-051
1.3	-0.2	9.80375e-053
1.4	-0.2	2.96048e-054
1.5	-0.2	3.28879e-056
1.6	-0.2	1.34406e-058
1.7	-0.2	2.02073e-061
1.8	-0.2	1.11793e-064
1.9	-0.2	2.28682e-068
-2	-0.1	6.46354e-240
-1.9	-0.1	4.18946e-227
-1.8	-0.1	9.98966e-215
-1.7	-0.1	8.76292e-203
-1.6	-0.1	2.82783e-191
-1.5	-0.1	3.35708e-180
-1.4	-0.1	1.46614e-169
-1.3	-0.1	2.35558e-159
-1.2	-0.1	1.39227e-149
-1.1	-0.1	3.02729e-140
-1	-0.1	2.42154e-131
-0.9	-0.1	7.1258e-123
-0.8	-0.1	7.71403e-115
-0.7	-0.1	3.0721e-107
-0.6	-0.1	4.50084e-100
-0.5	-0.1	2.42582e-093
-0.4	-0.1	4.80981e-087
-0.3	-0.1	3.50836e-081
-0.2	-0.1	9.41423e-076
-0.1	-0.1	9.29333e-071
4.44089e-016	-0.1	3.37492e-066
0.1	-0.1	4.5088e-062
0.2	-0.1	2.21597e-058
0.3	-0.1	4.00657e-055
0.4	-0.1	2.66494e-052
0.5	-0.1	6.52089e-050
0.6	-0.1	5.86991e-048
0.7	-0.1	1.94385e-046
0.8	-0.1	2.36809e-045
0.9	-0.1	1.06131e-044
1	-0.1	1.7498e-044
1.1	-0.1	1.06131e-044
1.2	-0.1	2.36809e-045
1.3	-0.1	1.94385e-046
1.4	-0.1	5.86991e-048
1.5	-0.1	6.52089e-050
1.6	-0.1	2.66494e-052
1.7	-0.1	4.00657e-055
1.8	-0.1	2.21597e-058
1.9	-0.1	4.5088e-062
-2	4.44089e-016	4.71461e-234
-1.9	4.44089e-016	3.05586e-221
-1.8	4.44089e-016	7.28662e-209
-1.7	4.44089e-016	6.39182e-197
-1.6	4.44089e-016	2.06266e-185
-1.5	4.44089e-016	2.44871e-174
-1.4	4.44089e-016	1.06943e-163
-1.3	4.44089e-016	1.7182e-153
-1.2	4.44089e-016	1.01554e-143
-1.1	4.44089e-016	2.20816e-134
-1	4.44089e-016	1.76631e-125
-0.9	4.44089e-016	5.19767e-117
-0.8	4.44089e-016	5.62674e-109
-0.7	4.44089e-016	2.24084e-101
-0.6	4.44089e-016	3.28299e-094
-0.5	4.44089e-016	1.76943e-087
-0.4	4.44089e-016	3.50836e-081
-0.3	4.44089e-016	2.55905e-075
-0.2	4.44089e-016	6.86689e-070
-0.1	4.44089e-016	6.77871e-065
4.44089e-016	4.44089e-016	2.46172e-060
0.1	4.44089e-016	3.28879e-056
0.2	4.44089e-016	1.61637e-052
0.3	4.44089e-016	2.92246e-049
0.4	4.44089e-016	1.94385e-046
0.5	4.44089e-016	4.75644e-044
0.6	4.44089e-016	4.28161e-042
0.7	4.44089e-016	1.41787e-040
0.8	4.44089e-016	1.72733e-039
0.9	4.44089e-016	7.74133e-039
1	4.44089e-016	1.27633e-038
1.1	4.44089e-016	7.74133e-039
1.2	4.44089e-016	1.72733e-039
1.3	4.44089e-016	1.41787e-040
1.4	4.44089e-016	4.28161e-042
1.5	4.44089e-016	4.75644e-044
1.6	4.44089e-016	1.94385e-046
1.7	4.44089e-016	2.92246e-049
1.8	4.44089e-016	1.61637e-052
1.9	4.44089e-016	3.28879e-056
-2	0.1	1.26511e-228
-1.9	0.1	8.20001e-216
-1.8	0.1	1.95527e-203
-1.7	0.1	1.71516e-191
-1.6	0.1	5.53489e-180
-1.5	0.1	6.5708e-169
-1.4	0.1	2.86968e-158
-1.3	0.1	4.61056e-148
-1.2	0.1	2.72508e-138
-1.1	0.1	5.92531e-129
-1	0.1	4.73967e-120
-0.9	0.1	1.39473e-111
-0.8	0.1	1.50986e-103
-0.7	0.1	6.013e-096
-0.6	0.1	8.80948e-089
-0.5	0.1	4.74805e-082
-0.4	0.1	9.41423e-076
-0.3	0.1	6.86689e-070
-0.2	0.1	1.84264e-064
-0.1	0.1	1.81898e-059
4.44089e-016	0.1	6.60572e-055
0.1	0.1	8.82506e-051
0.2	0.1	4.33731e-047
0.3	0.1	7.84204e-044
0.4	0.1	5.21607e-041
0.5	0.1	1.27633e-038
0.6	0.1	1.14892e-036
0.7	0.1	3.80469e-035
0.8	0.1	4.63506e-034
0.9	0.1	2.07729e-033
1	0.1	3.42487e-033
1.1	0.1	2.07729e-033
1.2	0.1	4.63506e-034
1.3	0.1	3.80469e-035
1.4	0.1	1.14892e-036
1.5	0.1	1.27633e-038
1.6	0.1	5.21607e-041
1.7	0.1	7.84204e-044
1.8	0.1	4.33731e-047
1.9	0.1	8.82506e-051
-2	0.2	1.24886e-223
-1.9	0.2	8.0947e-211
-1.8	0.2	1.93016e-198
-1.7	0.2	1.69314e-186
-1.6	0.2	5.46381e-175
-1.5	0.2	6.48642e-164
-1.4	0.2	2.83283e-153
-1.3	0.2	4.55135e-143
-1.2	0.2	2.69009e-133
-1.1	0.2	5.84921e-124
-1	0.2	4.6788e-115
-0.9	0.2	1.37682e-106
-0.8	0.2	1.49047e-098
-0.7	0.2	5.93578e-091
-0.6	0.2	8.69635e-084
-0.5	0.2	4.68707e-077
-0.4	0.2	9.29333e-071
-0.3	0.2	6.77871e-065
-0.2	0.2	1.81898e-059
-0.1	0.2	1.79562e-054
4.44089e-016	0.2	6.52089e-050
0.1	0.2	8.71172e-046
0.2	0.2	4.28161e-042
0.3	0.2	7.74133e-039
0.4	0.2	5.14908e-036
0.5	0.2	1.25994e-033
0.6	0.2	1.13416e-031
0.7	0.2	3.75583e-030
0.8	0.2	4.57553e-029
0.9	0.2	2.05061e-028
1	0.2	3.38089e-028
1.1	0.2	2.05061e-028
1.2	0.2	4.57553e-029
1.3	0.2	3.75583e-030
1.4	0.2	1.13416e-031
1.5	0.2	1.25994e-033
1.6	0.2	5.14908e-036
1.7	0.2	7.74133e-039
1.8	0.2	4.28161e-042
1.9	0.2	8.71172e-046
-2	0.3	4.5353e-219
-1.9	0.3	2.93963e-206
-1.8	0.3	7.00948e-194
-1.7	0.3	6.14871e-182
-1.6	0.3	1.98421e-170
-1.5	0.3	2.35558e-159
-1.4	0.3	1.02875e-148
-1.3	0.3	1.65285e-138
-1.2	0.3	9.76918e-129
-1.1	0.3	2.12417e-119
-1	0.3	1.69913e-110
-0.9	0.3	4.99999e-102
-0.8	0.3	5.41273e-094
-0.7	0.3	2.15561e-086
-0.6	0.3	3.15812e-079
-0.5	0.3	1.70213e-072
-0.4	0.3	3.37492e-066
-0.3	0.3	2.46172e-060
-0.2	0.3	6.60572e-055
-0.1	0.3	6.52089e-050
4.44089e-016	0.3	2.36809e-045
0.1	0.3	3.16371e-041
0.2	0.3	1.55489e-037
0.3	0.3	2.8113e-034
0.4	0.3	1.86992e-031
0.5	0.3	4.57553e-029
0.6	0.3	4.11876e-027
0.7	0.3	1.36395e-025
0.8	0.3	1.66163e-024
0.9	0.3	7.4469e-024
1	0.3	1.22779e-023
1.1	0.3	7.4469e-024
1.2	0.3	1.66163e-024
1.3	0.3	1.36395e-025
1.4	0.3	4.11876e-027
1.5	0.3	4.57553e-029
1.6	0.3	1.86992e-031
1.7	0.3	2.8113e-034
1.8	0.3	1.55489e-037
1.9	0.3	3.16371e-041
-2	0.4	6.05903e-215
-1.9	0.4	3.92727e-202
-1.8	0.4	9.36447e-190
-1.7	0.4	8.21451e-178
-1.6	0.4	2.65085e-166
-1.5	0.4	3.14699e-155
-1.4	0.4	1.37439e-144
-1.3	0.4	2.20816e-134
-1.2	0.4	1.30514e-124
-1.1	0.4	2.83783e-115
-1	0.4	2.26999e-106
-0.9	0.4	6.67984e-098
-0.8	0.4	7.23126e-090
-0.7	0.4	2.87984e-082
-0.6	0.4	4.21917e-075
-0.5	0.4	2.274e-068
-0.4	0.4	4.5088e-062
-0.3	0.4	3.28879e-056
-0.2	0.4	8.82506e-051
-0.1	0.4	8.71172e-046
4.44089e-016	0.4	3.16371e-041
0.1	0.4	4.22663e-037
0.2	0.4	2.07729e-033
0.3	0.4	3.75583e-030
0.4	0.4	2.49816e-027
0.5	0.4	6.11279e-025
0.6	0.4	5.50256e-023
0.7	0.4	1.8222e-021
0.8	0.4	2.21989e-020
0.9	0.4	9.94885e-020
1	0.4	1.64029e-019
1.1	0.4	9.94885e-020
1.2	0.4	2.21989e-020
1.3	0.4	1.8222e-021
1.4	0.4	5.50256e-023
1.5	0.4	6.11279e-025
1.6	0.4	2.49816e-027
1.7	0.4	3.75583e-030
1.8	0.4	2.07729e-033
1.9	0.4	4.22663e-037
-2	0.5	2.97788e-211
-1.9	0.5	1.93016e-198
-1.8	0.5	4.60242e-186
-1.7	0.5	4.03724e-174
-1.6	0.5	1.30283e-162
-1.5	0.5	1.54667e-151
-1.4	0.5	6.7548e-141
-1.3	0.5	1.08526e-130
-1.2	0.5	6.41444e-121
-1.1	0.5	1.39473e-111
-1	0.5	1.11565e-102
-0.9	0.5	3.28299e-094
-0.8	0.5	3.554e-086
-0.7	0.5	1.41537e-078
-0.6	0.5	2.07362e-071
-0.5	0.5	1.11762e-064
-0.4	0.5	2.21597e-058
-0.3	0.5	1.61637e-052
-0.2	0.5	4.33731e-047
-0.1	0.5	4.28161e-042
4.44089e-016	0.5	1.55489e-037
0.1	0.5	2.07729e-033
0.2	0.5	1.02094e-029
0.3	0.5	1.8459e-026
0.4	0.5	1.22779e-023
0.5	0.5	3.00429e-021
0.6	0.5	2.70438e-019
0.7	0.5	8.95567e-018
0.8	0.5	1.09102e-016
0.9	0.5	4.88963e-016
1	0.5	8.06164e-016
1.1	0.5	4.88963e-016
1.2	0.5	1.09102e-016
1.3	0.5	8.95567e-018
1.4	0.5	2.70438e-019
1.5	0.5	3.00429e-021
1.6	0.5	1.22779e-023
1.7	0.5	1.8459e-026
1.8	0.5	1.02094e-029
1.9	0.5	2.07729e-033
-2	0.6	5.38413e-208
-1.9	0.6	3.48981e-195
-1.8	0.6	8.32138e-183
-1.7	0.6	7.2995e-171
-1.6	0.6	2.35558e-159
-1.5	0.6	2.79645e-148
-1.4	0.6	1.2213e-137
-1.3	0.6	1.96219e-127
-1.2	0.6	1.15976e-117
-1.1	0.6	2.52173e-108
-1	0.6	2.01714e-099
-0.9	0.6	5.93578e-091
-0.8	0.6	6.42578e-083
-0.7	0.6	2.55905e-075
-0.6	0.6	3.7492e-068
-0.5	0.6	2.0207e-061
-0.4	0.6	4.00657e-055
-0.3	0.6	2.92246e-049
-0.2	0.6	7.84204e-044
-0.1	0.6	7.74133e-039
4.44089e-016	0.6	2.8113e-034
0.1	0.6	3.75583e-030
0.2	0.6	1.8459e-026
0.3	0.6	3.33747e-023
0.4	0.6	2.21989e-020
0.5	0.6	5.43189e-018
0.6	0.6	4.88963e-016
0.7	0.6	1.61922e-014
0.8	0.6	1.97262e-013
0.9	0.6	8.84066e-013
1	0.6	1.45758e-012
1.1	0.6	8.84066e-013
1.2	0.6	1.97262e-013
1.3	0.6	1.61922e-014
1.4	0.6	4.88963e-016
1.5	0.6	5.43189e-018
1.6	0.6	2.21989e-020
1.7	0.6	3.33747e-023
1.8	0.6	1.8459e-026
1.9	0.6	3.75583e-030
-2	0.7	3.58121e-205
-1.9	0.7	2.32122e-192
-1.8	0.7	5.53489e-180
-1.7	0.7	4.8552e-168
-1.6	0.7	1.56679e-156
-1.5	0.7	1.86003e-145
-1.4	0.7	8.12335e-135
-1.3	0.7	1.30514e-124
-1.2	0.7	7.71403e-115
-1.1	0.7	1.67731e-105
-1	0.7	1.34168e-096
-0.9	0.7	3.94814e-088
-0.8	0.7	4.27405e-080
-0.7	0.7	1.70213e-072
-0.6	0.7	2.49375e-065
-0.5	0.7	1.34405e-058
-0.4	0.7	2.66494e-052
-0.3	0.7	1.94385e-046
-0.2	0.7	5.21607e-041
-0.1	0.7	5.14908e-036
4.44089e-016	0.7	1.86992e-031
0.1	0.7	2.49816e-027
0.2	0.7	1.22779e-023
0.3	0.7	2.21989e-020
0.4	0.7	1.47654e-017
0.5	0.7	3.61298e-015
0.6	0.7	3.2523e-013
0.7	0.7	1.07701e-011
0.8	0.7	1.31207e-010
0.9	0.7	5.88029e-010
1	0.7	9.69496e-010
1.1	0.7	5.88029e-010
1.2	0.7	1.31207e-010
1.3	0.7	1.07701e-011
1.4	0.7	3.2523e-013
1.5	0.7	3.61298e-015
1.6	0.7	1.47654e-017
1.7	0.7	2.21989e-020
1.8	0.7	1.22779e-023
1.9	0.7	2.49816e-027
-2	0.8	8.76292e-203
-1.9	0.8	5.67984e-190
-1.8	0.8	1.35434e-177
-1.7	0.8	1.18803e-165
-1.6	0.8	3.83381e-154
-1.5	0.8	4.55135e-143
-1.4	0.8	1.98772e-132
-1.3	0.8	3.19356e-122
-1.2	0.8	1.88756e-112
-1.1	0.8	4.10424e-103
-1	0.8	3.28299e-094
-0.9	0.8	9.66077e-086
-0.8	0.8	1.04583e-077
-0.7	0.8	4.16498e-070
-0.6	0.8	6.102e-063
-0.5	0.8	3.28879e-056
-0.4	0.8	6.52089e-050
-0.3	0.8	4.75644e-044
-0.2	0.8	1.27633e-038
-0.1	0.8	1.25994e-033
4.44089e-016	0.8	4.57553e-029
0.1	0.8	6.11279e-025
0.2	0.8	3.00429e-021
0.3	0.8	5.43189e-018
0.4	0.8	3.61298e-015
0.5	0.8	8.84066e-013
0.6	0.8	7.95811e-011
0.7	0.8	2.63536e-009
0.8	0.8	3.21053e-008
0.9	0.8	1.43886e-007
1	0.8	2.37228e-007
1.1	0.8	1.43886e-007
1.2	0.8	3.21053e-008
1.3	0.8	2.63536e-009
1.4	0.8	7.95811e-011
1.5	0.8	8.84066e-013
1.6	0.8	3.61298e-015
1.7	0.8	5.43189e-018
1.8	0.8	3.00429e-021
1.9	0.8	6.11279e-025
-2	0.9	7.88813e-201
-1.9	0.9	5.11283e-188
-1.8	0.9	1.21914e-175
-1.7	0.9	1.06943e-163
-1.6	0.9	3.45109e-152
-1.5	0.9	4.09699e-141
-1.4	0.9	1.78929e-130
-1.3	0.9	2.87475e-120
-1.2	0.9	1.69913e-110
-1.1	0.9	3.69452e-101
-1	0.9	2.95525e-092
-0.9	0.9	8.69635e-084
-0.8	0.9	9.41423e-076
-0.7	0.9	3.7492e-068
-0.6	0.9	5.49284e-061
-0.5	0.9	2.96048e-054
-0.4	0.9	5.86991e-048
-0.3	0.9	4.28161e-042
-0.2	0.9	1.14892e-036
-0.1	0.9	1.13416e-031
4.44089e-016	0.9	4.11876e-027
0.1	0.9	5.50256e-023
0.2	0.9	2.70438e-019
0.3	0.9	4.88963e-016
0.4	0.9	3.2523e-013
0.5	0.9	7.95811e-011
0.6	0.9	7.16366e-009
0.7	0.9	2.37228e-007
0.800001	0.900002	2.89003e-006
0.900001	0.900009	1.29522e-005
0.999999	0.900015	2.13546e-005
1.1	0.900009	1.29522e-005
1.2	0.900002	2.89003e-006
1.3	0.9	2.37228e-007
1.4	0.9	7.16366e-009
1.5	0.9	7.95811e-011
1.6	0.9	3.2523e-013
1.7	0.9	4.88963e-016
1.8	0.9	2.70438e-019
1.9	0.9	5.50256e-023
-2	1	2.61219e-199
-1.9	1	1.69314e-186
-1.8	1	4.03724e-174
-1.7	1	3.54147e-162
-1.6	1	1.14284e-150
-1.5	1	1.35674e-139
-1.4	1	5.92531e-129
-1.3	1	9.51987e-119
-1.2	1	5.62674e-109
-1.1	1	1.22346e-099
-1	1	9.78645e-091
-0.9	1	2.87984e-082
-0.8	1	3.11757e-074
-0.7	1	1.24156e-066
-0.6	1	1.81898e-059
-0.5	1	9.80375e-053
-0.4	1	1.94385e-046
-0.3	1	1.41787e-040
-0.2	1	3.80469e-035
-0.1	1	3.75583e-030
4.44089e-016	1	1.36395e-025
0.1	1	1.8222e-021
0.2	1	8.95567e-018
0.3	1	1.61922e-014
0.4	1	1.07701e-011
0.5	1	2.63536e-009
0.6	1	2.37228e-007
0.700003	1	7.85591e-006
0.800024	1.00005	9.57046e-005
0.90004	1.00023	0.000428918
0.999955	1.00038	0.000707166
1.09991	1.00023	0.000428918
1.19996	1.00005	9.57046e-005
1.3	1	7.85591e-006
1.4	1	2.37228e-007
1.5	1	2.63536e-009
1.6	1	1.07701e-011
1.7	1	1.61922e-014
1.8	1	8.95567e-018
1.9	1	1.8222e-021
-2	1.1	3.1823e-198
-1.9	1.1	2.06266e-185
-1.8	1.1	4.91837e-173
-1.7	1.1	4.31439e-161
-1.6	1.1	1.39227e-149
-1.5	1.1	1.65285e-138
-1.4	1.1	7.2185e-128
-1.3	1.1	1.15976e-117
-1.2	1.1	6.85478e-108
-1.1	1.1	1.49047e-098
-1	1.1	1.19223e-089
-0.9	1.1	3.50836e-081
-0.8	1.1	3.79797e-073
-0.7	1.1	1.51253e-065
-0.6	1.1	2.21597e-058
-0.5	1.1	1.19434e-051
-0.4	1.1	2.36809e-045
-0.3	1.1	1.72733e-039
-0.2	1.1	4.63506e-034
-0.1	1.1	4.57553e-029
4.44089e-016	1.1	1.66163e-024
0.1	1.1	2.21989e-020
0.2	1.1	1.09102e-016
0.3	1.1	1.97262e-013
0.4	1.1	1.31207e-010
0.5	1.1	3.21053e-008
0.600002	1.1	2.89003e-006
0.700039	1.10004	9.57046e-005
0.800292	1.10044	0.00116592
0.900487	1.10195	0.00522529
0.999449	1.10322	0.00861505
1.09885	1.10195	0.00522529
1.19956	1.10044	0.00116592
1.29995	1.10004	9.57046e-005
1.4	1.1	2.89003e-006
1.5	1.1	3.21053e-008
1.6	1.1	1.31207e-010
1.7	1.1	1.97262e-013
1.8	1.1	1.09102e-016
1.9	1.1	2.21989e-020
-2	1.2	1.42621e-197
-1.9	1.2	9.24421e-185
-1.8	1.2	2.20426e-172
-1.7	1.2	1.93357e-160
-1.6	1.2	6.23971e-149
-1.5	1.2	7.40754e-138
-1.4	1.2	3.23511e-127
-1.3	1.2	5.19767e-117
-1.2	1.2	3.0721e-107
-1.1	1.2	6.67984e-098
-1	1.2	5.34322e-089
-0.9	1.2	1.57234e-080
-0.8	1.2	1.70213e-072
-0.7	1.2	6.77871e-065
-0.6	1.2	9.9313e-058
-0.5	1.2	5.35267e-051
-0.4	1.2	1.06131e-044
-0.3	1.2	7.74133e-039
-0.2	1.2	2.07729e-033
-0.1	1.2	2.05061e-028
4.44089e-016	1.2	7.4469e-024
0.1	1.2	9.94885e-020
0.2	1.2	4.88963e-016
0.3	1.2	8.84066e-013
0.4	1.2	5.88029e-010
0.5	1.2	1.43886e-007
0.600007	1.2	1.29522e-005
0.700175	1.20009	0.000428918
0.801308	1.20113	0.00522529
0.902182	1.20508	0.0234181
0.997533	1.20837	0.03861
1.09482	1.20508	0.0234181
1.19802	1.20113	0.00522529
1.29977	1.20009	0.000428918
1.39999	1.2	1.29522e-005
1.5	1.2	1.43886e-007
1.6	1.2	5.88029e-010
1.7	1.2	8.84066e-013
1.8	1.2	4.88963e-016
1.9	1.2	9.94885e-020
-2	1.3	2.35142e-197
-1.9	1.3	1.52411e-184
-1.8	1.3	3.63421e-172
-1.7	1.3	3.18793e-160
-1.6	1.3	1.02875e-148
-1.5	1.3	1.2213e-137
-1.4	1.3	5.33379e-127
-1.3	1.3	8.56952e-117
-1.2	1.3	5.06503e-107
-1.1	1.3	1.10132e-097
-1	1.3	8.80948e-089
-0.9	1.3	2.59235e-080
-0.8	1.3	2.80634e-072
-0.7	1.3	1.11762e-064
-0.6	1.3	1.63739e-057
-0.5	1.3	8.82506e-051
-0.4	1.3	1.7498e-044
-0.3	1.3	1.27633e-038
-0.2	1.3	3.42487e-033
-0.1	1.3	3.38089e-028
4.44089e-016	1.3	1.22779e-023
0.1	1.3	1.64029e-019
0.2	1.3	8.06164e-016
0.3	1.3	1.45758e-012
0.4	1.3	9.69496e-010
0.5	1.3	2.37228e-007
0.600012	1.3	2.13546e-005
0.700288	1.30004	0.000707166
0.802156	1.30051	0.00861505
0.903598	1.3023	0.03861
0.995932	1.3038	0.0636571
1.09147	1.3023	0.03861
1.19674	1.30051	0.00861505
1.29962	1.30004	0.000707166
1.39999	1.3	2.13546e-005
1.5	1.3	2.37228e-007
1.6	1.3	9.69496e-010
1.7	1.3	1.45758e-012
1.8	1.3	8.06164e-016
1.9	1.3	1.64029e-019
-2	1.4	1.42621e-197
-1.9	1.4	9.24421e-185
-1.8	1.4	2.20426e-172
-1.7	1.4	1.93357e-160
-1.6	1.4	6.23971e-149
-1.5	1.4	7.40754e-138
-1.4	1.4	3.23511e-127
-1.3	1.4	5.19767e-117
-1.2	1.4	3.0721e-107
-1.1	1.4	6.67984e-098
-1	1.4	5.34322e-089
-0.9	1.4	1.57234e-080
-0.8	1.4	1.70213e-072
-0.7	1.4	6.77871e-065
-0.6	1.4	9.9313e-058
-0.5	1.4	5.35267e-051
-0.4	1.4	1.06131e-044
-0.3	1.4	7.74133e-039
-0.2	1.4	2.07729e-033
-0.1	1.4	2.05061e-028
4.44089e-016	1.4	7.4469e-024
0.1	1.4	9.94885e-020
0.2	1.4	4.88963e-016
0.3	1.4	8.84066e-013
0.4	1.4	5.88029e-010
0.5	1.4	1.43886e-007
0.600007	1.4	1.29522e-005
0.700175	1.39996	0.000428918
0.801308	1.39949	0.00522529
0.902182	1.39772	0.0234181
0.997533	1.39624	0.03861
1.09482	1.39772	0.0234181
1.19802	1.39949	0.00522529
1.29977	1.39996	0.000428918
1.39999	1.4	1.29522e-005
1.5	1.4	1.43886e-007
1.6	1.4	5.88029e-010
1.7	1.4	8.84066e-013
1.8	1.4	4.88963e-016
1.9	1.4	9.94885e-020
-2	1.5	3.1823e-198
-1.9	1.5	2.06266e-185
-1.8	1.5	4.91837e-173
-1.7	1.5	4.31439e-161
-1.6	1.5	1.39227e-149
-1.5	1.5	1.65285e-138
-1.4	1.5	7.2185e-128
-1.3	1.5	1.15976e-117
-1.2	1.5	6.85478e-108
-1.1	1.5	1.49047e-098
-1	1.5	1.19223e-089
-0.9	1.5	3.50836e-081
-0.8	1.5	3.79797e-073
-0.7	1.5	1.51253e-065
-0.6	1.5	2.21597e-058
-0.5	1.5	1.19434e-051
-0.4	1.5	2.36809e-045
-0.3	1.5	1.72733e-039
-0.2	1.5	4.63506e-034
-0.1	1.5	4.57553e-029
4.44089e-016	1.5	1.66163e-024
0.1	1.5	2.21989e-020
0.2	1.5	1.09102e-016
0.3	1.5	1.97262e-013
0.4	1.5	1.31207e-010
0.5	1.5	3.21053e-008
0.600002	1.5	2.89003e-006
0.700039	1.49998	9.57046e-005
0.800292	1.4997	0.00116592
0.900487	1.49867	0.00522529
0.999449	1.49781	0.00861505
1.09885	1.49867	0.00522529
1.19956	1.4997	0.00116592
1.29995	1.49998	9.57046e-005
1.4	1.5	2.89003e-006
1.5	1.5	3.21053e-008
1.6	1.5	1.31207e-010
1.7	1.5	1.97262e-013
1.8	1.5	1.09102e-016
1.9	1.5	2.21989e-020
-2	1.6	2.61219e-199
-1.9	1.6	1.69314e-186
-1.8	1.6	4.03724e-174
-1.7	1.6	3.54147e-162
-1.6	1.6	1.14284e-150
-1.5	1.6	1.35674e-139
-1.4	1.6	5.92531e-129
-1.3	1.6	9.51987e-119
-1.2	1.6	5.62674e-109
-1.1	1.6	1.22346e-099
-1	1.6	9.78645e-091
-0.9	1.6	2.87984e-082
-0.8	1.6	3.11757e-074
-0.7	1.6	1.24156e-066
-0.6	1.6	1.81898e-059
-0.5	1.6	9.80375e-053
-0.4	1.6	1.94385e-046
-0.3	1.6	1.41787e-040
-0.2	1.6	3.80469e-035
-0.1	1.6	3.75583e-030
4.44089e-016	1.6	1.36395e-025
0.1	1.6	1.8222e-021
0.2	1.6	8.95567e-018
0.3	1.6	1.61922e-014
0.4	1.6	1.07701e-011
0.5	1.6	2.63536e-009
0.6	1.6	2.37228e-007
0.700003	1.6	7.85591e-006
0.800024	1.59996	9.57046e-005
0.90004	1.59982	0.000428918
0.999955	1.59971	0.000707166
1.09991	1.59982	0.000428918
1.19996	1.59996	9.57046e-005
1.3	1.6	7.85591e-006
1.4	1.6	2.37228e-007
1.5	1.6	2.63536e-009
1.6	1.6	1.07701e-011
1.7	1.6	1.61922e-014
1.8	1.6	8.95567e-018
1.9	1.6	1.8222e-021
-2	1.7	7.88813e-201
-1.9	1.7	5.11283e-188
-1.8	1.7	1.21914e-175
-1.7	1.7	1.06943e-163
-1.6	1.7	3.45109e-152
-1.5	1.7	4.09699e-141
-1.4	1.7	1.78929e-130
-1.3	1.7	2.87475e-120
-1.2	1.7	1.69913e-110
-1.1	1.7	3.69452e-101
-1	1.7	2.95525e-092
-0.9	1.7	8.69635e-084
-0.8	1.7	9.41423e-076
-0.7	1.7	3.7492e-068
-0.6	1.7	5.49284e-061
-0.5	1.7	2.96048e-054
-0.4	1.7	5.86991e-048
-0.3	1.7	4.28161e-042
-0.2	1.7	1.14892e-036
-0.1	1.7	1.13416e-031
4.44089e-016	1.7	4.11876e-027
0.1	1.7	5.50256e-023
0.2	1.7	2.70438e-019
0.3	1.7	4.88963e-016
0.4	1.7	3.2523e-013
0.5	1.7	7.95811e-011
0.6	1.7	7.16366e-009
0.7	1.7	2.37228e-007
0.800001	1.7	2.89003e-006
0.900001	1.69999	1.29522e-005
0.999999	1.69999	2.13546e-005
1.1	1.69999	1.29522e-005
1.2	1.7	2.89003e-006
1.3	1.7	2.37228e-007
1.4	1.7	7.16366e-009
1.5	1.7	7.95811e-011
1.6	1.7	3.2523e-013
1.7	1.7	4.88963e-016
1.8	1.7	2.70438e-019
1.9	1.7	5.50256e-023
-2	1.8	8.76292e-203
-1.9	1.8	5.67984e-190
-1.8	1.8	1.35434e-177
-1.7	1.8	1.18803e-165
-1.6	1.8	3.83381e-154
-1.5	1.8	4.55135e-143
-1.4	1.8	1.98772e-132
-1.3	1.8	3.19356e-122
-1.2	1.8	1.88756e-112
-1.1	1.8	4.10424e-103
-1	1.8	3.28299e-094
-0.9	1.8	9.66077e-086
-0.8	1.8	1.04583e-077
-0.7	1.8	4.16498e-070
-0.6	1.8	6.102e-063
-0.5	1.8	3.28879e-056
-0.4	1.8	6.52089e-050
-0.3	1.8	4.75644e-044
-0.2	1.8	1.27633e-038
-0.1	1.8	1.25994e-033
4.44089e-016	1.8	4.57553e-029
0.1	1.8	6.11279e-025
0.2	1.8	3.00429e-021
0.3	1.8	5.43189e-018
0.4	1.8	3.61298e-015
0.5	1.8	8.84066e-013
0.6	1.8	7.95811e-011
0.7	1.8	2.63536e-009
0.8	1.8	3.21053e-008
0.9	1.8	1.43886e-007
1	1.8	2.37228e-007
1.1	1.8	1.43886e-007
1.2	1.8	3.21053e-008
1.3	1.8	2.63536e-009
1.4	1.8	7.95811e-011
1.5	1.8	8.84066e-013
1.6	1.8	3.61298e-015
1.7	1.8	5.43189e-018
1.8	1.8	3.00429e-021
1.9	1.8	6.11279e-025
-2	1.9	3.58121e-205
-1.9	1.9	2.32122e-192
-1.8	1.9	5.53489e-180
-1.7	1.9	4.8552e-168
-1.6	1.9	1.56679e-156
-1.5	1.9	1.86003e-145
-1.4	1.9	8.12335e-135
-1.3	1.9	1.30514e-124
-1.2	1.9	7.71403e-115
-1.1	1.9	1.67731e-105
-1	1.9	1.34168e-096
-0.9	1.9	3.94814e-088
-0.8	1.9	4.27405e-080
-0.7	1.9	1.70213e-072
-0.6	1.9	2.49375e-065
-0.5	1.9	1.34405e-058
-0.4	1.9	2.66494e-052
-0.3	1.9	1.94385e-046
-0.2	1.9	5.21607e-041
-0.1	1.9	5.14908e-036
4.44089e-016	1.9	1.86992e-031
0.1	1.9	2.49816e-027
0.2	1.9	1.22779e-023
0.3	1.9	2.21989e-020
0.4	1.9	1.47654e-017
0.5	1.9	3.61298e-015
0.6	1.9	3.2523e-013
0.7	1.9	1.07701e-011
0.8	1.9	1.31207e-010
0.9	1.9	5.88029e-010
1	1.9	9.69496e-010
1.1	1.9	5.88029e-010
1.2	1.9	1.31207e-010
1.3	1.9	1.07701e-011
1.4	1.9	3.2523e-013
1.5	1.9	3.61298e-015
1.6	1.9	1.47654e-017
1.7	1.9	2.21989e-020
1.8	1.9	1.22779e-023
1.9	1.9	2.49816e-027
