-2	-2	1.34016e-020
-1.9	-2	3.27927e-018
-1.8	-2	2.9519e-016
-1.7	-2	9.77536e-015
-1.6	-2	1.19088e-013
-1.5	-2	5.33716e-013
-1.4	-2	8.79949e-013
-1.3	-2	5.33716e-013
-1.2	-2	1.19088e-013
-1.1	-2	9.77536e-015
-1	-2	2.9519e-016
-0.9	-2	3.28023e-018
-0.8	-2	4.75671e-018
-0.7	-2	8.57611e-015
-0.6	-2	5.70433e-012
-0.5	-2	1.3958e-009
-0.4	-2	1.25646e-007
-0.299998	-2	4.16082e-006
-0.199988	-1.99997	5.06874e-005
-0.0999794	-1.99985	0.000227136
-2.08257e-005	-1.99974	0.000374443
0.0999541	-1.99985	0.000227136
0.199982	-1.99997	5.06874e-005
0.299998	-2	4.16082e-006
0.4	-2	1.25646e-007
0.5	-2	1.39584e-009
0.6	-2	7.35849e-011
0.700001	-2	4.51502e-008
0.800124	-1.99998	1.10466e-005
0.908988	-1.99785	0.00098427
1.16792	-1.94784	0.023831
1.33794	-1.89504	0.0479553
1.33799	-1.89502	0.0479666
1.33799	-1.89502	0.0479671
1.33799	-1.89502	0.0479666
1.33803	-1.89504	0.0479553
1.46983	-1.94784	0.023831
1.69257	-1.99785	0.00098427
1.79989	-1.99998	1.10466e-005
1.9	-2	4.51502e-008
-2	-1.9	2.42307e-017
-1.9	-1.9	5.92905e-015
-1.8	-1.9	5.33716e-013
-1.7	-1.9	1.76743e-011
-1.6	-1.9	2.15317e-010
-1.5	-1.9	9.64982e-010
-1.4	-1.9	1.59099e-009
-1.3	-1.9	9.64982e-010
-1.2	-1.9	2.15317e-010
-1.1	-1.9	1.76743e-011
-1	-1.9	5.33716e-013
-0.9	-1.9	5.92914e-015
-0.8	-1.9	4.5121e-016
-0.7	-1.9	7.71997e-013
-0.6	-1.9	5.13487e-010
-0.5	-1.9	1.25646e-007
-0.399994	-1.89999	1.13102e-005
-0.299857	-1.8998	0.000374443
-0.198923	-1.89756	0.00454772
-0.0981738	-1.88921	0.0201469
-0.00182972	-1.88237	0.0328983
0.0959327	-1.88921	0.0201469
0.198417	-1.89756	0.00454772
0.299815	-1.8998	0.000374443
0.399993	-1.89999	1.13102e-005
0.5	-1.9	1.25646e-007
0.6	-1.9	6.25403e-010
0.700001	-1.9	7.44408e-008
0.800204	-1.9	1.82114e-005
0.914719	-1.89983	0.00161197
1.2291	-1.89662	0.0325122
1.33799	-1.89502	0.0479661
1.33799	-1.89502	0.0479671
1.33799	-1.89502	0.0479678
1.33799	-1.89502	0.0479671
1.33799	-1.89502	0.0479661
1.42241	-1.89662	0.0325122
1.68783	-1.89983	0.00161197
1.79982	-1.9	1.82114e-005
1.9	-1.9	7.444e-008
-2	-1.8	1.61168e-014
-1.9	-1.8	3.94366e-012
-1.8	-1.8	3.54997e-010
-1.7	-1.8	1.17559e-008
-1.6	-1.8	1.43216e-007
-1.5	-1.8	6.41849e-007
-1.4	-1.8	1.05823e-006
-1.3	-1.8	6.41849e-007
-1.2	-1.8	1.43216e-007
-1.1	-1.8	1.17559e-008
-1	-1.8	3.54997e-010
-0.9	-1.8	3.94366e-012
-0.8	-1.8	3.02565e-014
-0.7	-1.8	2.5565e-011
-0.6	-1.8	1.70044e-008
-0.499997	-1.8	4.16082e-006
-0.399802	-1.79985	0.000374443
-0.29529	-1.79521	0.0122915
-0.16788	-1.74719	0.135579
-0.0610354	-1.63256	0.429862
-0.0306049	-1.58565	0.550273
0.0132196	-1.63256	0.429862
0.152799	-1.74719	0.135579
0.293923	-1.79521	0.0122915
0.39976	-1.79985	0.000374443
0.499997	-1.8	4.16082e-006
0.6	-1.8	1.70722e-008
0.700001	-1.8	4.51757e-008
0.800124	-1.80002	1.10466e-005
0.908988	-1.80195	0.00098427
1.16792	-1.84721	0.023831
1.33794	-1.89499	0.0479553
1.33799	-1.89502	0.0479666
1.33799	-1.89502	0.0479671
1.33799	-1.89502	0.0479666
1.33803	-1.89499	0.0479553
1.46983	-1.84721	0.023831
1.69257	-1.80195	0.00098427
1.79989	-1.80002	1.10466e-005
1.9	-1.8	4.51502e-008
-2	-1.7	3.94366e-012
-1.9	-1.7	9.64982e-010
-1.8	-1.7	8.68649e-008
-1.7	-1.7	2.87656e-006
-1.59999	-1.69996	3.50425e-005
-1.49997	-1.69983	0.00015703
-1.40001	-1.69972	0.000258872
-1.30004	-1.69983	0.00015703
-1.20002	-1.69996	3.50425e-005
-1.1	-1.7	2.87656e-006
-1	-1.7	8.68649e-008
-0.9	-1.7	9.64982e-010
-0.8	-1.7	4.11592e-012
-0.7	-1.7	3.11452e-010
-0.6	-1.7	2.07155e-007
-0.499966	-1.69999	5.06874e-005
-0.397592	-1.69889	0.00454772
-0.24805	-1.66702	0.135579
-0.0489676	-1.54491	0.63752
-0.0380264	-1.53368	0.683702
-0.0380261	-1.53368	0.683705
-0.0380253	-1.53368	0.683702
-0.0219471	-1.54491	0.63752
0.232969	-1.66702	0.135579
0.397086	-1.69889	0.00454772
0.49996	-1.69999	5.06874e-005
0.6	-1.7	2.07171e-007
0.7	-1.7	1.03858e-008
0.800028	-1.70001	2.46505e-006
0.902022	-1.7009	0.000221391
1.04801	-1.7277	0.00681367
1.30124	-1.8649	0.040559
1.33796	-1.89497	0.0479553
1.33799	-1.89502	0.0479661
1.33801	-1.89497	0.0479553
1.36301	-1.8649	0.040559
1.56278	-1.7277	0.00681367
1.69833	-1.7009	0.000221391
1.79998	-1.70001	2.46505e-006
1.9	-1.7	1.00744e-008
-2	-1.6	3.54997e-010
-1.9	-1.6	8.68649e-008
-1.79999	-1.59999	7.81927e-006
-1.69985	-1.59977	0.000258872
-1.59879	-1.59723	0.00314432
-1.49753	-1.58772	0.0139338
-1.40065	-1.57994	0.0227585
-1.30327	-1.58772	0.0139338
-1.20139	-1.59723	0.00314432
-1.10017	-1.59977	0.000258872
-1.00001	-1.59999	7.81927e-006
-0.9	-1.6	8.68649e-008
-0.8	-1.6	3.55769e-010
-0.7	-1.6	1.39634e-009
-0.599999	-1.6	9.28406e-007
-0.499847	-1.59998	0.000227136
-0.389334	-1.59805	0.0201469
-0.13529	-1.5583	0.429862
-0.0380269	-1.53368	0.683702
-0.0380261	-1.53368	0.683706
-0.0380261	-1.53368	0.683706
-0.0380261	-1.53368	0.683706
-0.0380248	-1.53368	0.683702
0.0874746	-1.5583	0.429862
0.387093	-1.59805	0.0201469
0.499821	-1.59998	0.000227136
0.599999	-1.6	9.28407e-007
0.7	-1.6	2.22276e-009
0.800002	-1.6	2.02349e-007
0.900166	-1.60011	1.82114e-005
1.00422	-1.60369	0.000599421
1.13381	-1.64191	0.00681367
1.26856	-1.74657	0.023831
1.32575	-1.79997	0.0325122
1.36919	-1.74657	0.023831
1.47699	-1.64191	0.00681367
1.59673	-1.60369	0.000599421
1.69986	-1.60011	1.82114e-005
1.8	-1.6	2.02349e-007
1.9	-1.6	8.26954e-010
-2	-1.5	1.17559e-008
-1.9	-1.5	2.87656e-006
-1.79979	-1.49983	0.000258872
-1.69499	-1.49426	0.00849966
-1.56396	-1.43651	0.0939906
-1.44671	-1.29707	0.300396
-1.41109	-1.23895	0.386438
-1.37053	-1.29707	0.300396
-1.24144	-1.43651	0.0939906
-1.1055	-1.49426	0.00849966
-1.00022	-1.49983	0.000258872
-0.900003	-1.5	2.87656e-006
-0.8	-1.5	1.17572e-008
-0.7	-1.5	2.31896e-009
-0.599999	-1.5	1.53068e-006
-0.499747	-1.50002	0.000374443
-0.382583	-1.50162	0.0328983
-0.0891532	-1.5271	0.550273
-0.0380261	-1.53368	0.683705
-0.0380261	-1.53368	0.683706
-0.0380261	-1.53368	0.683707
-0.0380261	-1.53368	0.683706
-0.0380261	-1.53368	0.683705
0.0279435	-1.5271	0.550273
0.378923	-1.50162	0.0328983
0.499705	-1.50002	0.000374443
0.599999	-1.5	1.53068e-006
0.7	-1.5	2.32627e-009
0.8	-1.5	6.11247e-009
0.900005	-1.5	5.50065e-007
1.00013	-1.50015	1.82117e-005
1.1011	-1.50182	0.000221392
1.20283	-1.50811	0.000984272
1.30128	-1.51328	0.00161197
1.39873	-1.50811	0.00098427
1.49925	-1.50182	0.000221391
1.5999	-1.50015	1.82114e-005
1.7	-1.5	5.50039e-007
1.8	-1.5	6.11041e-009
1.9	-1.5	2.49719e-011
-2	-1.4	1.43216e-007
-1.89996	-1.39998	3.50425e-005
-1.7975	-1.39852	0.00314432
-1.64458	-1.35588	0.0939906
-1.4274	-1.18871	0.450077
-1.41392	-1.17222	0.485216
-1.41392	-1.17222	0.48522
-1.41392	-1.17222	0.485216
-1.39843	-1.18871	0.450077
-1.16081	-1.35588	0.0939906
-1.00268	-1.39852	0.00314432
-0.900037	-1.39998	3.50425e-005
-0.8	-1.4	1.43217e-007
-0.7	-1.4	1.61112e-009
-0.599999	-1.4	9.28406e-007
-0.499847	-1.40004	0.000227136
-0.389334	-1.40394	0.0201469
-0.13529	-1.48405	0.429862
-0.0380269	-1.53368	0.683702
-0.0380261	-1.53368	0.683706
-0.0380261	-1.53368	0.683706
-0.0380261	-1.53368	0.683706
-0.0380248	-1.53368	0.683702
0.0874746	-1.48405	0.429862
0.387093	-1.40394	0.0201469
0.499821	-1.40004	0.000227136
0.599999	-1.4	9.28406e-007
0.7	-1.4	1.40191e-009
0.8	-1.4	5.93196e-010
0.9	-1.4	2.34809e-008
1	-1.4	4.13964e-007
1.10001	-1.40002	3.41345e-006
1.20003	-1.40011	1.26102e-005
1.30001	-1.40019	1.91598e-005
1.39999	-1.40011	1.12582e-005
1.49999	-1.40003	2.48242e-006
1.6	-1.4	2.02873e-007
1.7	-1.4	6.11624e-009
1.8	-1.4	6.79044e-011
1.9	-1.4	2.77448e-013
-2	-1.3	6.41849e-007
-1.89984	-1.29996	0.00015703
-1.78891	-1.29633	0.0139338
-1.52289	-1.22089	0.300396
-1.41392	-1.17222	0.485216
-1.41392	-1.17222	0.48522
-1.41392	-1.17222	0.48522
-1.41392	-1.17222	0.48522
-1.41392	-1.17222	0.485216
-1.29435	-1.22089	0.300396
-1.01189	-1.29633	0.0139338
-0.900166	-1.29996	0.00015703
-0.800001	-1.3	6.41849e-007
-0.7	-1.3	1.27643e-009
-0.6	-1.3	2.07156e-007
-0.499966	-1.30002	5.06874e-005
-0.397592	-1.30155	0.00454772
-0.24805	-1.34634	0.135579
-0.0489676	-1.51789	0.63752
-0.0380264	-1.53368	0.683702
-0.0380261	-1.53368	0.683705
-0.0380253	-1.53368	0.683702
-0.0219471	-1.51789	0.63752
0.232969	-1.34634	0.135579
0.397086	-1.30155	0.00454772
0.49996	-1.30002	5.06874e-005
0.6	-1.3	2.07161e-007
0.7	-1.3	1.7373e-009
0.8	-1.3	1.28352e-007
0.900002	-1.3	4.25043e-006
1.00002	-1.29996	5.17796e-005
1.10004	-1.29984	0.000232037
1.20001	-1.29973	0.000382552
1.29997	-1.29984	0.000232101
1.39999	-1.29996	5.18239e-005
1.5	-1.3	4.26048e-006
1.6	-1.3	1.29178e-007
1.7	-1.3	1.45083e-009
1.8	-1.3	6.10456e-012
1.9	-1.3	9.89449e-015
-2	-1.2	1.05823e-006
-1.89974	-1.19999	0.000258872
-1.78189	-1.1987	0.0227585
-1.47216	-1.17787	0.386438
-1.41392	-1.17222	0.48522
-1.41392	-1.17222	0.48522
-1.41392	-1.17222	0.485221
-1.41392	-1.17222	0.48522
-1.41392	-1.17222	0.48522
-1.35001	-1.17787	0.386438
-1.01941	-1.1987	0.0227585
-0.900274	-1.19999	0.000258872
-0.800001	-1.2	1.05823e-006
-0.7	-1.2	1.61655e-009
-0.6	-1.2	1.70052e-008
-0.499997	-1.2	4.16082e-006
-0.399802	-1.20018	0.000374443
-0.29529	-1.206	0.0122915
-0.16788	-1.26617	0.135579
-0.0610354	-1.40979	0.429862
-0.0306049	-1.46856	0.550273
0.0132196	-1.40979	0.429862
0.152799	-1.26617	0.135579
0.293923	-1.206	0.0122915
0.39976	-1.20018	0.000374443
0.499997	-1.2	4.16082e-006
0.6	-1.2	1.75289e-008
0.7	-1.2	1.28377e-007
0.800007	-1.19999	1.15537e-005
0.900169	-1.19979	0.000382507
1.00139	-1.19743	0.00464575
1.10323	-1.18861	0.0205828
1.20049	-1.1814	0.0336122
1.29737	-1.18861	0.0205828
1.39875	-1.19743	0.00464575
1.49984	-1.19979	0.000382507
1.59999	-1.19999	1.15537e-005
1.7	-1.2	1.28352e-007
1.8	-1.2	5.24544e-010
1.9	-1.2	7.88621e-013
-2	-1.1	6.41849e-007
-1.89984	-1.10002	0.00015703
-1.78891	-1.10207	0.0139338
-1.52289	-1.14471	0.300396
-1.41392	-1.17222	0.485216
-1.41392	-1.17222	0.48522
-1.41392	-1.17222	0.48522
-1.41392	-1.17222	0.48522
-1.41392	-1.17222	0.485216
-1.29435	-1.14471	0.300396
-1.01189	-1.10207	0.0139338
-0.900166	-1.10002	0.00015703
-0.800001	-1.1	6.41849e-007
-0.7	-1.1	9.65754e-010
-0.6	-1.1	5.14021e-010
-0.5	-1.1	1.25646e-007
-0.399994	-1.10001	1.13102e-005
-0.299857	-1.10024	0.000374443
-0.198923	-1.10288	0.00454772
-0.0981738	-1.11278	0.0201469
-0.00182972	-1.12087	0.0328983
0.0959327	-1.11278	0.0201469
0.198417	-1.10288	0.00454772
0.299815	-1.10024	0.000374443
0.399993	-1.10001	1.13102e-005
0.5	-1.1	1.25672e-007
0.6	-1.1	1.7884e-008
0.700003	-1.1	4.25041e-006
0.800223	-1.09984	0.000382507
0.905541	-1.09484	0.0125569
1.04145	-1.04302	0.138599
1.16907	-0.918947	0.44036
1.20827	-0.867933	0.564437
1.24383	-0.918947	0.44036
1.36261	-1.04302	0.138599
1.49483	-1.09484	0.0125569
1.59979	-1.09984	0.000382507
1.7	-1.1	4.25041e-006
1.8	-1.1	1.73705e-008
1.9	-1.1	2.61155e-011
-2	-1	1.43216e-007
-1.89996	-1.00001	3.50425e-005
-1.7975	-1.00112	0.00314432
-1.64458	-1.03336	0.0939906
-1.4274	-1.15974	0.450077
-1.41392	-1.17221	0.485216
-1.41392	-1.17222	0.48522
-1.41392	-1.17221	0.485216
-1.39843	-1.15974	0.450077
-1.16081	-1.03336	0.0939906
-1.00268	-1.00112	0.00314432
-0.900037	-1.00001	3.50425e-005
-0.8	-1	1.43216e-007
-0.7	-1	2.15325e-010
-0.6	-1	5.82342e-012
-0.5	-1	1.3958e-009
-0.4	-1	1.25646e-007
-0.299998	-1	4.16082e-006
-0.199988	-1.00004	5.06874e-005
-0.0999794	-1.00018	0.000227136
-2.08257e-005	-1.00029	0.000374443
0.0999541	-1.00018	0.000227136
0.199982	-1.00004	5.06874e-005
0.299998	-1	4.16082e-006
0.4	-1	1.25646e-007
0.5	-1	1.71395e-009
0.6	-1	2.11622e-007
0.700038	-0.999986	5.17788e-005
0.802711	-0.998751	0.00464575
0.961159	-0.962725	0.138599
1.19583	-0.823889	0.654828
1.2103	-0.810878	0.703206
1.2103	-0.810877	0.70321
1.2103	-0.810878	0.703206
1.22335	-0.823889	0.654828
1.4429	-0.962725	0.138599
1.59743	-0.998751	0.00464575
1.69996	-0.999986	5.17788e-005
1.8	-1	2.11616e-007
1.9	-1	3.18152e-010
-2	-0.9	1.17559e-008
-1.9	-0.900002	2.87656e-006
-1.79979	-0.900145	0.000258872
-1.69499	-0.904768	0.00849966
-1.56396	-0.95273	0.0939906
-1.44671	-1.06853	0.300396
-1.41109	-1.1168	0.386438
-1.37053	-1.06853	0.300396
-1.24144	-0.95273	0.0939906
-1.1055	-0.904768	0.00849966
-1.00022	-0.900145	0.000258872
-0.900003	-0.900002	2.87656e-006
-0.8	-0.9	1.17559e-008
-0.7	-0.9	1.76743e-011
-0.6	-0.9	3.30876e-014
-0.5	-0.9	5.70433e-012
-0.4	-0.9	5.13487e-010
-0.3	-0.9	1.70044e-008
-0.2	-0.9	2.07155e-007
-0.0999999	-0.900001	9.28406e-007
-8.51329e-008	-0.900001	1.53068e-006
0.0999998	-0.900001	9.28406e-007
0.2	-0.9	2.07155e-007
0.3	-0.9	1.70044e-008
0.4	-0.9	5.14276e-010
0.5	-0.9	1.43156e-009
0.600001	-0.9	9.48396e-007
0.700168	-0.899971	0.000232027
0.812009	-0.897391	0.0205828
1.09432	-0.84419	0.44036
1.2103	-0.810877	0.703206
1.2103	-0.810877	0.703211
1.2103	-0.810877	0.703211
1.2103	-0.810877	0.703211
1.2103	-0.810877	0.703206
1.31859	-0.84419	0.44036
1.58859	-0.897391	0.0205828
1.69984	-0.899971	0.000232027
1.8	-0.9	9.48396e-007
1.9	-0.9	1.42586e-009
-2	-0.8	3.54997e-010
-1.9	-0.8	8.68649e-008
-1.79999	-0.800006	7.81927e-006
-1.69985	-0.800199	0.000258872
-1.59879	-0.802412	0.00314432
-1.49753	-0.810689	0.0139338
-1.40065	-0.817458	0.0227585
-1.30327	-0.810689	0.0139338
-1.20139	-0.802412	0.00314432
-1.10017	-0.800199	0.000258872
-1.00001	-0.800006	7.81927e-006
-0.9	-0.8	8.68649e-008
-0.8	-0.8	3.54997e-010
-0.7	-0.8	5.33716e-013
-0.6	-0.8	3.30239e-016
-0.5	-0.8	8.57617e-015
-0.4	-0.8	7.71997e-013
-0.3	-0.8	2.5565e-011
-0.2	-0.8	3.11446e-010
-0.1	-0.8	1.3958e-009
-1.27992e-010	-0.8	2.30129e-009
0.1	-0.8	1.3958e-009
0.2	-0.8	3.11446e-010
0.3	-0.8	2.55653e-011
0.4	-0.8	2.07221e-012
0.5	-0.8	2.35085e-009
0.600001	-0.8	1.56364e-006
0.700278	-0.800006	0.000382507
0.819612	-0.80052	0.0336122
1.14907	-0.80873	0.564437
1.2103	-0.810877	0.70321
1.2103	-0.810877	0.703211
1.2103	-0.810877	0.703212
1.2103	-0.810877	0.703211
1.2103	-0.810877	0.70321
1.26747	-0.80873	0.564437
1.58137	-0.80052	0.0336122
1.69973	-0.800006	0.000382507
1.8	-0.8	1.56364e-006
1.9	-0.8	2.35084e-009
-2	-0.7	3.94366e-012
-1.9	-0.7	9.64982e-010
-1.8	-0.7	8.68649e-008
-1.7	-0.700003	2.87656e-006
-1.59999	-0.700034	3.50425e-005
-1.49997	-0.700153	0.00015703
-1.40001	-0.700252	0.000258872
-1.30004	-0.700153	0.00015703
-1.20002	-0.700034	3.50425e-005
-1.1	-0.700003	2.87656e-006
-1	-0.7	8.68649e-008
-0.9	-0.7	9.64982e-010
-0.8	-0.7	3.94366e-012
-0.7	-0.7	5.92905e-015
-0.6	-0.7	3.29865e-018
-0.5	-0.7	4.74398e-018
-0.4	-0.7	4.26979e-016
-0.3	-0.7	1.41396e-014
-0.2	-0.7	1.72256e-013
-0.1	-0.7	7.71997e-013
-7.03465e-014	-0.7	1.27281e-012
0.1	-0.7	7.71997e-013
0.2	-0.7	1.72256e-013
0.3	-0.7	1.43001e-014
0.4	-0.7	7.89046e-013
0.5	-0.7	1.42586e-009
0.600001	-0.7	9.48396e-007
0.700168	-0.700037	0.000232027
0.812009	-0.703245	0.0205828
1.09432	-0.769433	0.44036
1.2103	-0.810876	0.703206
1.2103	-0.810877	0.703211
1.2103	-0.810877	0.703211
1.2103	-0.810877	0.703211
1.2103	-0.810876	0.703206
1.31859	-0.769433	0.44036
1.58859	-0.703245	0.0205828
1.69984	-0.700037	0.000232027
1.8	-0.7	9.48396e-007
1.9	-0.7	1.42586e-009
-2	-0.6	1.61168e-014
-1.9	-0.6	3.94366e-012
-1.8	-0.6	3.54997e-010
-1.7	-0.6	1.17559e-008
-1.6	-0.6	1.43216e-007
-1.5	-0.600001	6.41849e-007
-1.4	-0.600001	1.05823e-006
-1.3	-0.600001	6.41849e-007
-1.2	-0.6	1.43216e-007
-1.1	-0.6	1.17559e-008
-1	-0.6	3.54997e-010
-0.9	-0.6	3.94366e-012
-0.8	-0.6	1.61168e-014
-0.7	-0.6	2.42307e-017
-0.6	-0.6	1.34056e-020
-0.5	-0.6	9.67841e-022
-0.4	-0.6	8.68768e-020
-0.3	-0.6	2.87696e-018
-0.2	-0.6	3.50486e-017
-0.1	-0.6	1.57077e-016
4.29686e-016	-0.6	2.58976e-016
0.1	-0.6	1.57077e-016
0.2	-0.6	3.50513e-017
0.3	-0.6	3.86802e-017
0.4	-0.6	1.75965e-013
0.5	-0.6	3.18152e-010
0.6	-0.6	2.11616e-007
0.700038	-0.600016	5.17788e-005
0.802711	-0.601393	0.00464575
0.961159	-0.641563	0.138599
1.19583	-0.796368	0.654828
1.2103	-0.810876	0.703206
1.2103	-0.810877	0.70321
1.2103	-0.810876	0.703206
1.22335	-0.796368	0.654828
1.4429	-0.641563	0.138599
1.59743	-0.601393	0.00464575
1.69996	-0.600016	5.17788e-005
1.8	-0.6	2.11616e-007
1.9	-0.6	3.18152e-010
-2	-0.5	2.42505e-017
-1.9	-0.5	5.93391e-015
-1.8	-0.5	5.34153e-013
-1.7	-0.5	1.76887e-011
-1.6	-0.5	2.15493e-010
-1.5	-0.5	9.65772e-010
-1.4	-0.5	1.59229e-009
-1.3	-0.5	9.65772e-010
-1.2	-0.5	2.15493e-010
-1.1	-0.5	1.76887e-011
-1	-0.5	5.34153e-013
-0.9	-0.5	5.93391e-015
-0.8	-0.5	2.42505e-017
-0.7	-0.5	3.64592e-020
-0.6	-0.5	2.01653e-023
-0.5	-0.5	7.63435e-026
-0.4	-0.5	6.50289e-024
-0.3	-0.5	2.15346e-022
-0.2	-0.5	2.62345e-021
-0.1	-0.5	1.17575e-020
4.44088e-016	-0.5	1.93848e-020
0.1	-0.5	1.17575e-020
0.2	-0.5	2.84343e-021
0.3	-0.5	2.93913e-018
0.4	-0.5	1.44441e-014
0.5	-0.5	2.61155e-011
0.6	-0.5	1.73705e-008
0.700003	-0.500002	4.25041e-006
0.800223	-0.500169	0.000382507
0.905541	-0.505551	0.0125569
1.04145	-0.561272	0.138599
1.16907	-0.694675	0.44036
1.20827	-0.749528	0.564437
1.24383	-0.694675	0.44036
1.36261	-0.561272	0.138599
1.49483	-0.505551	0.0125569
1.59979	-0.500169	0.000382507
1.7	-0.500002	4.25041e-006
1.8	-0.5	1.73705e-008
1.9	-0.5	2.61155e-011
-2	-0.4	3.58684e-017
-1.9	-0.4	8.77671e-015
-1.8	-0.4	7.90054e-013
-1.7	-0.4	2.6163e-011
-1.6	-0.4	3.18731e-010
-1.5	-0.4	1.42845e-009
-1.4	-0.4	2.35512e-009
-1.3	-0.4	1.42845e-009
-1.2	-0.4	3.18731e-010
-1.1	-0.4	2.6163e-011
-1	-0.4	7.90054e-013
-0.9	-0.4	8.77671e-015
-0.8	-0.4	3.58684e-017
-0.7	-0.4	5.3926e-020
-0.6	-0.4	2.98256e-023
-0.5	-0.4	6.07056e-027
-0.4	-0.4	1.79521e-028
-0.3	-0.4	5.92987e-027
-0.2	-0.4	7.22405e-026
-0.1	-0.4	3.2376e-025
4.44089e-016	-0.4	5.33789e-025
0.1	-0.4	3.23943e-025
0.2	-0.4	6.71515e-024
0.3	-0.4	8.87474e-020
0.4	-0.4	4.36173e-016
0.5	-0.4	7.88619e-013
0.6	-0.4	5.24543e-010
0.7	-0.4	1.28352e-007
0.800007	-0.400007	1.15537e-005
0.900169	-0.400223	0.000382507
1.00139	-0.402714	0.00464575
1.10323	-0.412026	0.0205828
1.20049	-0.419639	0.0336122
1.29737	-0.412026	0.0205828
1.39875	-0.402714	0.00464575
1.49984	-0.400223	0.000382507
1.59999	-0.400007	1.15537e-005
1.7	-0.4	1.28352e-007
1.8	-0.4	5.24543e-010
1.9	-0.4	7.88619e-013
-2	-0.3	2.38487e-014
-1.9	-0.3	5.83557e-012
-1.8	-0.3	5.25302e-010
-1.7	-0.3	1.73956e-008
-1.6	-0.3	2.11922e-007
-1.5	-0.299999	9.49767e-007
-1.4	-0.299999	1.5659e-006
-1.3	-0.299999	9.49767e-007
-1.2	-0.3	2.11922e-007
-1.1	-0.3	1.73956e-008
-1	-0.3	5.25302e-010
-0.9	-0.3	5.83557e-012
-0.8	-0.3	2.38487e-014
-0.7	-0.3	3.5855e-017
-0.6	-0.3	1.98308e-020
-0.5	-0.3	4.03495e-024
-0.4	-0.3	3.02025e-028
-0.3	-0.3	6.83893e-032
-0.2	-0.3	7.31815e-031
-0.1	-0.3	3.27973e-030
4.44089e-016	-0.3	5.40737e-030
0.1	-0.3	5.3118e-030
0.2	-0.3	7.37967e-026
0.3	-0.3	9.85894e-022
0.4	-0.3	4.84544e-018
0.5	-0.3	8.76077e-015
0.6	-0.3	5.82715e-012
0.7	-0.3	1.42586e-009
0.8	-0.3	1.28352e-007
0.900002	-0.300003	4.25041e-006
1.00002	-0.300038	5.17788e-005
1.10004	-0.300169	0.000232027
1.20001	-0.300278	0.000382507
1.29997	-0.300169	0.000232027
1.39999	-0.300038	5.17788e-005
1.5	-0.300003	4.25041e-006
1.6	-0.3	1.28352e-007
1.7	-0.3	1.42586e-009
1.8	-0.3	5.82715e-012
1.9	-0.3	8.76077e-015
-2	-0.2	5.83557e-012
-1.9	-0.2	1.42792e-009
-1.8	-0.2	1.28537e-007
-1.7	-0.199997	4.25655e-006
-1.59998	-0.199965	5.18537e-005
-1.49995	-0.199842	0.000232363
-1.39997	-0.199739	0.000383061
-1.30002	-0.199842	0.000232363
-1.20001	-0.199965	5.18537e-005
-1.1	-0.199997	4.25655e-006
-1	-0.2	1.28537e-007
-0.9	-0.2	1.42792e-009
-0.8	-0.2	5.83557e-012
-0.7	-0.2	8.77343e-015
-0.6	-0.2	4.85245e-018
-0.5	-0.2	9.87319e-022
-0.4	-0.2	7.39027e-026
-0.3	-0.2	2.7094e-030
-0.2	-0.2	3.0224e-030
-0.1	-0.2	4.98307e-030
4.44089e-016	-0.2	3.0224e-030
0.1	-0.2	6.82701e-031
0.2	-0.2	3.01643e-028
0.3	-0.2	4.02913e-024
0.4	-0.2	1.98022e-020
0.5	-0.2	3.58033e-017
0.6	-0.2	2.38142e-014
0.7	-0.2	5.82715e-012
0.8	-0.2	5.24543e-010
0.9	-0.2	1.73705e-008
1	-0.2	2.11616e-007
1.1	-0.200001	9.48396e-007
1.2	-0.200001	1.56364e-006
1.3	-0.200001	9.48397e-007
1.4	-0.2	2.11617e-007
1.5	-0.2	1.73707e-008
1.6	-0.2	5.24558e-010
1.7	-0.2	5.82758e-012
1.8	-0.2	2.3819e-014
1.9	-0.2	3.58229e-017
-2	-0.1	5.25302e-010
-1.9	-0.0999999	1.28537e-007
-1.79999	-0.0999937	1.15704e-005
-1.69981	-0.0997928	0.000383061
-1.59837	-0.0974831	0.00465265
-1.49567	-0.0888474	0.0206163
-1.39764	-0.0817854	0.0336709
-1.30145	-0.0888474	0.0206163
-1.20098	-0.0974831	0.00465265
-1.10013	-0.0997928	0.000383061
-1.00001	-0.0999937	1.15704e-005
-0.9	-0.0999999	1.28537e-007
-0.8	-0.1	5.25302e-010
-0.7	-0.1	7.89759e-013
-0.6	-0.1	4.36803e-016
-0.5	-0.1	8.88757e-020
-0.4	-0.1	6.65797e-024
-0.3	-0.1	6.67555e-026
-0.2	-0.1	2.98356e-025
-0.1	-0.1	4.91907e-025
4.44089e-016	-0.1	2.98356e-025
0.1	-0.1	6.65723e-026
0.2	-0.1	5.46504e-027
0.3	-0.1	6.22301e-027
0.4	-0.1	2.97775e-023
0.5	-0.1	5.38576e-020
0.6	-0.1	3.58567e-017
0.7	-0.1	8.79633e-015
0.8	-0.1	7.97322e-013
0.9	-0.1	2.68989e-011
1	-0.1	3.44095e-010
1.1	-0.1	1.74191e-009
1.2	-0.1	3.76728e-009
1.3	-0.1	3.76117e-009
1.4	-0.1	1.73459e-009
1.5	-0.1	3.42165e-010
1.6	-0.1	2.67316e-011
1.7	-0.1	7.9217e-013
1.8	-0.1	8.73869e-015
1.9	-0.1	3.56205e-017
-2	6.97062e-009	1.73956e-008
-1.9	1.70565e-006	4.25655e-006
-1.79976	0.000153497	0.000383061
-1.69383	0.00503954	0.0125765
-1.55129	0.0556911	0.13898
-1.4068	0.177615	0.443248
-1.36013	0.228191	0.569465
-1.33113	0.177615	0.443248
-1.22925	0.0556911	0.13898
-1.10441	0.00503954	0.0125765
-1.00019	0.000153497	0.000383061
-0.900003	1.70565e-006	4.25655e-006
-0.8	6.97062e-009	1.73956e-008
-0.7	1.04803e-011	2.61532e-011
-0.6	6.24036e-015	1.44649e-014
-0.5	4.45269e-016	2.94316e-018
-0.4	4.4409e-016	4.1875e-022
-0.3	4.44093e-016	2.41761e-021
-0.2	4.44106e-016	1.0835e-020
-0.1	4.44118e-016	1.78638e-020
4.44087e-016	4.44106e-016	1.0835e-020
0.1	4.44093e-016	2.41761e-021
0.2	4.4409e-016	1.98449e-022
0.3	4.44089e-016	5.99295e-024
0.4	4.44089e-016	4.08555e-024
0.5	4.44107e-016	1.97012e-020
0.6	4.76588e-016	3.55865e-017
0.7	2.20699e-014	2.36618e-014
0.8	5.29297e-012	5.78909e-012
0.9	4.76447e-010	5.21093e-010
1	1.57781e-008	1.72559e-008
1.1	1.92218e-007	2.10219e-007
1.2	8.61464e-007	9.42132e-007
1.3	1.42031e-006	1.55331e-006
1.4	8.61465e-007	9.42131e-007
1.5	1.92219e-007	2.10218e-007
1.6	1.57783e-008	1.72557e-008
1.7	4.76464e-010	5.21078e-010
1.8	5.29347e-012	5.78865e-012
1.9	2.20755e-014	2.36569e-014
-2	0.1	2.11922e-007
-1.89996	0.100014	5.18537e-005
-1.79706	0.101212	0.00465265
-1.63179	0.136199	0.13898
-1.36785	0.272508	0.662315
-1.35008	0.285713	0.713012
-1.35008	0.285714	0.713017
-1.35008	0.285713	0.713012
-1.33941	0.272508	0.662315
-1.14874	0.136199	0.13898
-1.00228	0.101212	0.00465265
-0.900033	0.100014	5.18537e-005
-0.8	0.1	2.11922e-007
-0.7	0.1	3.18611e-010
-0.6	0.1	1.76219e-013
-0.5	0.1	3.59351e-017
-0.4	0.1	2.65391e-018
-0.3	0.1	3.22986e-017
-0.2	0.1	1.44752e-016
-0.1	0.1	2.38656e-016
4.20824e-016	0.1	1.44752e-016
0.1	0.1	3.22986e-017
0.2	0.1	2.65123e-018
0.3	0.1	8.00602e-020
0.4	0.1	1.86877e-021
0.5	0.1	4.81344e-018
0.6	0.1	8.70289e-015
0.7	0.1	5.78865e-012
0.8	0.1	1.41644e-009
0.9	0.1	1.27504e-007
1	0.100003	4.22233e-006
1.10001	0.10004	5.14368e-005
1.20002	0.100178	0.000230494
1.29999	0.100294	0.000379981
1.39996	0.100178	0.000230494
1.49998	0.10004	5.14368e-005
1.6	0.100003	4.22233e-006
1.7	0.1	1.27504e-007
1.8	0.1	1.41644e-009
1.9	0.1	5.78865e-012
-2	0.2	9.49767e-007
-1.89982	0.200028	0.000232363
-1.78699	0.202478	0.0206163
-1.48247	0.253284	0.443248
-1.35008	0.285714	0.713012
-1.35008	0.285714	0.713018
-1.35008	0.285714	0.713018
-1.35008	0.285714	0.713018
-1.35008	0.285714	0.713012
-1.25546	0.253284	0.443248
-1.01012	0.202478	0.0206163
-0.900147	0.200028	0.000232363
-0.800001	0.2	9.49767e-007
-0.7	0.2	1.42792e-009
-0.6	0.2	7.89763e-013
-0.5	0.2	5.54168e-016
-0.4	0.2	1.30302e-014
-0.3	0.2	1.5874e-013
-0.2	0.2	7.11423e-013
-0.1	0.2	1.17294e-012
-1.13897e-013	0.2	7.11423e-013
0.1	0.2	1.5874e-013
0.2	0.2	1.30302e-014
0.3	0.2	3.93477e-016
0.4	0.2	4.4593e-018
0.5	0.2	4.33309e-016
0.6	0.2	7.83409e-013
0.7	0.2	5.21078e-010
0.8	0.2	1.27504e-007
0.900006	0.200007	1.14774e-005
1.00015	0.20024	0.000379981
1.10114	0.202916	0.00461525
1.20214	0.212921	0.0204508
1.29878	0.221103	0.0334007
1.39636	0.212921	0.0204508
1.49853	0.202916	0.00461525
1.59983	0.20024	0.000379981
1.69999	0.200007	1.14774e-005
1.8	0.2	1.27504e-007
1.9	0.2	5.21078e-010
-2	0.3	1.5659e-006
-1.8997	0.299992	0.000383061
-1.77875	0.299325	0.0336709
-1.42053	0.28859	0.569465
-1.35008	0.285714	0.713017
-1.35008	0.285714	0.713018
-1.35008	0.285714	0.713019
-1.35008	0.285714	0.713018
-1.35008	0.285714	0.713017
-1.29973	0.28859	0.569465
-1.01653	0.299325	0.0336709
-0.900242	0.299992	0.000383061
-0.800001	0.3	1.5659e-006
-0.7	0.3	2.35424e-009
-0.6	0.3	1.31e-012
-0.5	0.3	7.11688e-013
-0.4	0.3	2.35591e-011
-0.3	0.3	2.87009e-010
-0.2	0.3	1.28628e-009
-0.1	0.3	2.12072e-009
-2.06733e-010	0.3	1.28628e-009
0.1	0.3	2.87009e-010
0.2	0.3	2.35591e-011
0.3	0.3	7.11423e-013
0.4	0.3	7.90612e-015
0.5	0.3	1.43809e-014
0.6	0.3	2.59429e-011
0.7	0.3	1.72557e-008
0.800003	0.300002	4.22233e-006
0.900201	0.300186	0.000379981
1.00483	0.306119	0.0124754
1.13392	0.367629	0.137873
1.24608	0.515734	0.439809
1.27936	0.577201	0.56512
1.3218	0.515734	0.439809
1.456	0.367629	0.137873
1.59426	0.306119	0.0124754
1.69977	0.300186	0.000379981
1.8	0.300002	4.22233e-006
1.9	0.3	1.72557e-008
-2	0.4	9.49767e-007
-1.89982	0.399963	0.000232363
-1.78699	0.396696	0.0206163
-1.48247	0.328954	0.443248
-1.35008	0.285715	0.713012
-1.35008	0.285714	0.713018
-1.35008	0.285714	0.713018
-1.35008	0.285714	0.713018
-1.35008	0.285715	0.713012
-1.25546	0.328954	0.443248
-1.01012	0.396696	0.0206163
-0.900147	0.399963	0.000232363
-0.800001	0.4	9.49767e-007
-0.7	0.4	1.42794e-009
-0.6	0.4	6.04651e-012
-0.5	0.4	4.73197e-010
-0.4	0.4	1.56701e-008
-0.3	0.4	1.90901e-007
-0.2	0.400001	8.5556e-007
-0.1	0.400001	1.41058e-006
-1.37507e-007	0.400001	8.5556e-007
0.0999999	0.4	1.90901e-007
0.2	0.4	1.56701e-008
0.3	0.4	4.73197e-010
0.4	0.4	5.25678e-012
0.5	0.4	1.96285e-013
0.6	0.4	3.1605e-010
0.7	0.4	2.10218e-007
0.800034	0.400018	5.14368e-005
0.90244	0.401612	0.00461525
1.0534	0.448149	0.137873
1.26174	0.629567	0.657353
1.27415	0.647174	0.70777
1.27415	0.647176	0.707776
1.27415	0.647174	0.70777
1.29024	0.629567	0.657353
1.53652	0.448149	0.137873
1.69722	0.401612	0.00461525
1.79996	0.400018	5.14368e-005
1.9	0.4	2.10218e-007
-2	0.5	2.11922e-007
-1.89996	0.499984	5.18537e-005
-1.79706	0.498602	0.00465265
-1.63179	0.458232	0.13898
-1.36785	0.300952	0.662315
-1.35008	0.285716	0.713012
-1.35008	0.285714	0.713017
-1.35008	0.285716	0.713012
-1.33941	0.300952	0.662315
-1.14874	0.458232	0.13898
-1.00228	0.498602	0.00465265
-0.900033	0.499984	5.18537e-005
-0.8	0.5	2.11922e-007
-0.7	0.5	3.23868e-010
-0.6	0.5	1.28646e-009
-0.5	0.5	1.15788e-007
-0.399998	0.500003	3.83435e-006
-0.299985	0.500038	4.67103e-005
-0.199968	0.500168	0.000209314
-0.100001	0.500277	0.000345064
-3.36413e-005	0.500168	0.000209314
0.0999851	0.500038	4.67103e-005
0.199998	0.500003	3.83435e-006
0.3	0.5	1.15788e-007
0.4	0.5	1.28628e-009
0.5	0.5	6.04016e-012
0.6	0.5	1.41644e-009
0.700001	0.5	9.42131e-007
0.800154	0.500048	0.000230494
0.910811	0.504253	0.0204508
1.17035	0.591454	0.439809
1.27415	0.647174	0.70777
1.27415	0.647176	0.707776
1.27415	0.647176	0.707777
1.27415	0.647176	0.707776
1.27415	0.647174	0.70777
1.39752	0.591454	0.439809
1.6877	0.504253	0.0204508
1.79983	0.500048	0.000230494
1.9	0.5	9.42131e-007
-2	0.6	1.73956e-008
-1.9	0.599998	4.25655e-006
-1.79976	0.599831	0.000383061
-1.69383	0.594457	0.0125765
-1.55129	0.53874	0.13898
-1.4068	0.404624	0.443248
-1.36013	0.34899	0.569465
-1.33113	0.404624	0.443248
-1.22925	0.53874	0.13898
-1.10441	0.594457	0.0125765
-1.00019	0.599831	0.000383061
-0.900003	0.599998	4.25655e-006
-0.8	0.6	1.73963e-008
-0.7	0.6	4.9935e-010
-0.6	0.6	1.15788e-007
-0.499993	0.600007	1.04228e-005
-0.399837	0.600223	0.000345064
-0.298688	0.602704	0.00419096
-0.197118	0.611981	0.0185674
-0.100084	0.619565	0.0303205
-0.00298419	0.611981	0.0185674
0.0986644	0.602704	0.00419096
0.199836	0.600223	0.000345064
0.299993	0.600007	1.04228e-005
0.4	0.6	1.15788e-007
0.5	0.6	4.74489e-010
0.6	0.6	2.33602e-009
0.700001	0.6	1.55331e-006
0.800255	0.600025	0.000379981
0.917656	0.602226	0.0334007
1.21889	0.637667	0.56512
1.27415	0.647176	0.707776
1.27415	0.647176	0.707777
1.27415	0.647176	0.707778
1.27415	0.647176	0.707777
1.27415	0.647176	0.707776
1.33982	0.637667	0.56512
1.6799	0.602226	0.0334007
1.79972	0.600025	0.000379981
1.9	0.6	1.55331e-006
-2	0.7	5.25302e-010
-1.9	0.7	1.28537e-007
-1.79999	0.699993	1.15704e-005
-1.69981	0.699777	0.000383061
-1.59837	0.697297	0.00465265
-1.49567	0.688021	0.0206163
-1.39764	0.680436	0.0336709
-1.30145	0.688021	0.0206163
-1.20098	0.697297	0.00465265
-1.10013	0.699777	0.000383061
-1.00001	0.699993	1.15704e-005
-0.9	0.7	1.28537e-007
-0.8	0.7	5.48861e-010
-0.7	0.7	1.56709e-008
-0.599997	0.700002	3.83435e-006
-0.499783	0.700168	0.000345064
-0.394663	0.70552	0.0113276
-0.260854	0.760918	0.125005
-0.138399	0.893429	0.396918
-0.101405	0.947834	0.508557
-0.0637933	0.893429	0.396918
0.0601633	0.760918	0.125005
0.194601	0.70552	0.0113276
0.299781	0.700168	0.000345064
0.399997	0.700002	3.83435e-006
0.5	0.7	1.56709e-008
0.6	0.7	1.44032e-009
0.700001	0.7	9.42141e-007
0.800154	0.699983	0.000230495
0.910811	0.698474	0.0204508
1.17035	0.667175	0.439809
1.27415	0.647176	0.70777
1.27415	0.647176	0.707776
1.27415	0.647176	0.707777
1.27415	0.647176	0.707776
1.27415	0.647176	0.70777
1.39752	0.667175	0.439809
1.6877	0.698474	0.0204508
1.79983	0.699983	0.000230494
1.9	0.7	9.42131e-007
-2	0.8	5.90983e-012
-1.9	0.8	1.4346e-009
-1.8	0.8	1.28758e-007
-1.7	0.799997	4.25925e-006
-1.59998	0.799963	5.18657e-005
-1.49995	0.799833	0.000232382
-1.39997	0.799724	0.000383073
-1.30002	0.799832	0.000232365
-1.20001	0.799963	5.18539e-005
-1.1	0.799997	4.25656e-006
-1	0.8	1.28537e-007
-0.9	0.8	1.42808e-009
-0.8	0.8	2.92844e-010
-0.7	0.8	1.90901e-007
-0.599963	0.800015	4.67103e-005
-0.497364	0.80138	0.00419096
-0.341108	0.841173	0.125005
-0.115314	0.994247	0.589757
-0.101749	1.00851	0.63307
-0.101749	1.00851	0.633074
-0.101748	1.00851	0.63307
-0.0879443	0.994247	0.589757
0.140418	0.841173	0.125005
0.29734	0.80138	0.00419096
0.399963	0.800015	4.67103e-005
0.5	0.8	1.90902e-007
0.6	0.8	6.8264e-010
0.7	0.8	2.12853e-007
0.800034	0.799989	5.14689e-005
0.90244	0.799004	0.0046154
1.0534	0.77023	0.137873
1.26174	0.658063	0.657353
1.27415	0.647177	0.70777
1.27415	0.647176	0.707776
1.27415	0.647177	0.70777
1.29024	0.658063	0.657353
1.53652	0.77023	0.137873
1.69722	0.799003	0.00461525
1.79996	0.799989	5.14368e-005
1.9	0.8	2.10218e-007
-2	0.9	1.81938e-011
-1.9	0.9	1.64144e-009
-1.8	0.900001	5.46892e-008
-1.7	0.900006	6.77242e-007
-1.59999	0.900029	3.16907e-006
-1.5	0.900047	5.8251e-006
-1.4	0.900028	4.52296e-006
-1.3	0.900006	1.6096e-006
-1.2	0.9	2.66085e-007
-1.1	0.9	1.90312e-008
-1	0.9	5.43472e-010
-0.9	0.9	6.62125e-012
-0.8	0.9	1.28631e-009
-0.699999	0.9	8.5556e-007
-0.599835	0.900036	0.000209314
-0.48832	0.903183	0.0185674
-0.213006	0.968035	0.396918
-0.10175	1.00851	0.63307
-0.101749	1.00851	0.633075
-0.101749	1.00851	0.633075
-0.101749	1.00851	0.633075
-0.101748	1.00851	0.63307
0.0108129	0.968035	0.396918
0.288217	0.903183	0.0185674
0.399834	0.900036	0.000209314
0.499999	0.9	8.5564e-007
0.6	0.9	8.47589e-009
0.7	0.9	2.54484e-007
0.800004	0.9	7.11234e-006
0.900202	0.899873	0.000392926
1.00483	0.895558	0.0124964
1.13392	0.850758	0.137883
1.24607	0.742897	0.43981
1.27936	0.698133	0.56512
1.3218	0.742896	0.439809
1.456	0.85075	0.137873
1.59426	0.895544	0.0124754
1.69977	0.899864	0.000379981
1.8	0.899998	4.22233e-006
1.9	0.9	1.72557e-008
-2	1	1.63561e-009
-1.9	1	1.47232e-007
-1.79997	1.00004	4.87543e-006
-1.69973	1.00046	5.93614e-005
-1.59933	1.00204	0.000265471
-1.4998	1.00336	0.000436907
-1.40043	1.00204	0.000265473
-1.30022	1.00046	5.93628e-005
-1.20003	1.00004	4.87575e-006
-1.1	1	1.47259e-007
-1	1	1.6364e-009
-0.9	1	7.86607e-012
-0.8	1	2.12073e-009
-0.699999	1	1.41058e-006
-0.599728	1	0.000345064
-0.480926	1.00041	0.0303205
-0.16041	1.00684	0.508557
-0.101749	1.00851	0.633074
-0.101749	1.00851	0.633075
-0.101749	1.00851	0.633076
-0.101749	1.00851	0.633075
-0.101749	1.00851	0.633074
-0.0423991	1.00684	0.508557
0.280759	1.00041	0.0303205
0.399727	1	0.000345064
0.499999	1	1.41321e-006
0.6	1	2.39349e-007
0.700003	1	7.85643e-006
0.800024	1.00005	9.58321e-005
0.900046	1.00022	0.000440389
1.0001	1.00019	0.00108677
1.10104	0.997926	0.00504138
1.20211	0.989855	0.0205437
1.29878	0.983354	0.0334082
1.39636	0.989805	0.020451
1.49853	0.997699	0.00461526
1.59983	0.999811	0.000379981
1.69999	0.999994	1.14774e-005
1.8	1	1.27504e-007
1.9	1	5.21078e-010
-2	1.1	5.41639e-008
-1.89996	1.10003	4.87543e-006
-1.79892	1.1009	0.000161191
-1.69109	1.11081	0.00192745
-1.57952	1.1452	0.00805726
-1.4942	1.17041	0.0125497
-1.41303	1.1452	0.00805726
-1.30712	1.11081	0.00192745
-1.20093	1.1009	0.000161191
-1.10004	1.10003	4.87543e-006
-1	1.1	5.41639e-008
-0.9	1.1	2.22067e-010
-0.8	1.1	1.28662e-009
-0.699999	1.1	8.5556e-007
-0.599835	1.09997	0.000209314
-0.48832	1.09732	0.0185674
-0.213006	1.04264	0.396918
-0.10175	1.00852	0.63307
-0.101749	1.00851	0.633075
-0.101749	1.00851	0.633075
-0.101749	1.00851	0.633075
-0.101748	1.00852	0.63307
0.0108129	1.04264	0.396918
0.288217	1.09732	0.0185674
0.399834	1.09997	0.000209314
0.499999	1.1	8.87665e-007
0.600002	1.1	2.89131e-006
0.700039	1.10004	9.57046e-005
0.800292	1.10044	0.00116592
0.900487	1.10195	0.00522542
0.999451	1.10322	0.00861922
1.09886	1.10192	0.00527635
1.19958	1.10029	0.00139604
1.29993	1.09979	0.000475634
1.39996	1.09985	0.000233383
1.49998	1.09997	5.14689e-005
1.6	1.1	4.22246e-006
1.7	1.1	1.27504e-007
1.8	1.1	1.41644e-009
1.9	1.1	5.78865e-012
-1.99999	1.2	6.59847e-007
-1.89948	1.20021	5.93614e-005
-1.78709	1.20681	0.00192745
-1.61274	1.26669	0.0188863
-1.49075	1.35181	0.0429894
-1.47831	1.36568	0.0469184
-1.4695	1.35181	0.0429894
-1.3698	1.26669	0.0188863
-1.21113	1.20681	0.00192745
-1.10047	1.20021	5.93614e-005
-1.00001	1.2	6.59847e-007
-0.9	1.2	2.69682e-009
-0.8	1.2	2.91063e-010
-0.7	1.2	1.90901e-007
-0.599963	1.19999	4.67103e-005
-0.497364	1.19873	0.00419096
-0.341108	1.16219	0.125005
-0.115314	1.02162	0.589757
-0.101749	1.00852	0.63307
-0.101749	1.00851	0.633074
-0.101748	1.00852	0.63307
-0.0879443	1.02162	0.589757
0.140418	1.16219	0.125005
0.29734	1.19873	0.00419096
0.399963	1.19999	4.67109e-005
0.5	1.2	3.34787e-007
0.600007	1.2	1.29525e-005
0.700175	1.20009	0.000428918
0.801308	1.20113	0.00522529
0.902182	1.20508	0.0234181
0.997533	1.20837	0.03861
1.09482	1.20508	0.0234183
1.19802	1.20113	0.00522623
1.29977	1.20009	0.00043047
1.39999	1.2	1.38943e-005
1.5	1.2	3.54104e-007
1.6	1.2	1.78438e-008
1.7	1.2	5.21962e-010
1.8	1.2	5.78914e-012
1.9	1.2	2.3657e-014
-1.99997	1.3	2.95716e-006
-1.89767	1.30039	0.00026547
-1.74602	1.3117	0.00805726
-1.50138	1.36243	0.0429894
-1.47777	1.36985	0.0480984
-1.47777	1.36985	0.0481002
-1.47776	1.36985	0.0480984
-1.45888	1.36243	0.0429894
-1.24653	1.3117	0.00805726
-1.10208	1.30039	0.00026547
-1.00003	1.3	2.95716e-006
-0.9	1.3	1.20856e-008
-0.8	1.3	4.17291e-011
-0.7	1.3	1.56701e-008
-0.599997	1.3	3.83435e-006
-0.499783	1.29984	0.000345064
-0.394663	1.29478	0.0113276
-0.260854	1.24244	0.125005
-0.138399	1.11725	0.396918
-0.101405	1.06585	0.508557
-0.0637933	1.11725	0.396918
0.0601633	1.24244	0.125005
0.194601	1.29478	0.0113276
0.299781	1.29984	0.000345064
0.399997	1.3	3.83531e-006
0.5	1.3	2.52898e-007
0.600012	1.3	2.13546e-005
0.700288	1.30004	0.000707166
0.802156	1.30051	0.00861505
0.903598	1.3023	0.03861
0.995932	1.3038	0.0636571
1.09147	1.3023	0.03861
1.19674	1.30051	0.00861505
1.29962	1.30004	0.000707169
1.39999	1.3	2.1356e-005
1.5	1.3	2.37544e-007
1.6	1.3	9.95439e-010
1.7	1.3	2.24099e-012
1.8	1.3	9.50905e-015
1.9	1.3	3.57308e-017
-1.99995	1.4	4.87543e-006
-1.89616	1.39973	0.000436906
-1.71593	1.39213	0.0125497
-1.48323	1.37059	0.0469184
-1.47777	1.36985	0.0481002
-1.47777	1.36985	0.0481002
-1.47777	1.36985	0.0481002
-1.4734	1.37059	0.0469184
-1.27247	1.39213	0.0125497
-1.10343	1.39973	0.000436906
-1.00005	1.4	4.87543e-006
-0.9	1.4	1.99258e-008
-0.8	1.4	3.06686e-011
-0.7	1.4	4.73214e-010
-0.6	1.4	1.15788e-007
-0.499993	1.39999	1.04228e-005
-0.399837	1.39979	0.000345064
-0.298688	1.39741	0.00419096
-0.197118	1.38852	0.0185674
-0.100084	1.38125	0.0303205
-0.00298419	1.38852	0.0185674
0.0986644	1.39741	0.00419096
0.199836	1.39979	0.000345064
0.299993	1.39999	1.04228e-005
0.4	1.4	1.16376e-007
0.5	1.4	1.44359e-007
0.600007	1.4	1.29522e-005
0.700175	1.39996	0.000428918
0.801308	1.39949	0.00522529
0.902182	1.39772	0.0234181
0.997533	1.39624	0.03861
1.09482	1.39772	0.0234181
1.19802	1.39949	0.00522529
1.29977	1.39996	0.000428918
1.39999	1.4	1.29522e-005
1.5	1.4	1.43886e-007
1.6	1.4	5.88044e-010
1.7	1.4	8.84499e-013
1.8	1.4	4.93777e-016
1.9	1.4	1.1916e-019
-1.99997	1.49999	2.95716e-006
-1.89767	1.49928	0.00026547
-1.74602	1.4782	0.00805726
-1.50138	1.38368	0.0429894
-1.47777	1.36986	0.0480984
-1.47777	1.36985	0.0481002
-1.47776	1.36986	0.0480984
-1.45888	1.38368	0.0429894
-1.24653	1.4782	0.00805726
-1.10208	1.49928	0.00026547
-1.00003	1.49999	2.95716e-006
-0.9	1.5	1.20856e-008
-0.8	1.5	1.81779e-011
-0.7	1.5	5.2668e-012
-0.6	1.5	1.28628e-009
-0.5	1.5	1.15788e-007
-0.399998	1.5	3.83435e-006
-0.299985	1.49996	4.67103e-005
-0.199968	1.49984	0.000209314
-0.100001	1.49973	0.000345064
-3.36413e-005	1.49984	0.000209314
0.0999851	1.49996	4.67103e-005
0.199998	1.5	3.83435e-006
0.3	1.5	1.15788e-007
0.4	1.5	1.41749e-009
0.5	1.5	3.21106e-008
0.600002	1.5	2.89003e-006
0.700039	1.49998	9.57046e-005
0.800292	1.4997	0.00116592
0.900487	1.49867	0.00522529
0.999449	1.49781	0.00861505
1.09885	1.49867	0.00522529
1.19956	1.4997	0.00116592
1.29995	1.49998	9.57046e-005
1.4	1.5	2.89003e-006
1.5	1.5	3.21053e-008
1.6	1.5	1.31207e-010
1.7	1.5	1.97262e-013
1.8	1.5	1.09103e-016
1.9	1.5	2.22029e-020
-1.99999	1.6	6.59847e-007
-1.89948	1.59972	5.93614e-005
-1.78709	1.59078	0.00192745
-1.61274	1.50963	0.0188863
-1.49075	1.39431	0.0429894
-1.47831	1.37551	0.0469184
-1.4695	1.39431	0.0429894
-1.3698	1.50963	0.0188863
-1.21113	1.59078	0.00192745
-1.10047	1.59972	5.93614e-005
-1.00001	1.6	6.59847e-007
-0.9	1.6	2.69666e-009
-0.8	1.6	4.0543e-012
-0.7	1.6	2.37255e-014
-0.6	1.6	5.25675e-012
-0.5	1.6	4.73197e-010
-0.4	1.6	1.56701e-008
-0.3	1.6	1.90901e-007
-0.2	1.6	8.5556e-007
-0.1	1.6	1.41058e-006
-1.37507e-007	1.6	8.5556e-007
0.0999999	1.6	1.90901e-007
0.2	1.6	1.56701e-008
0.3	1.6	4.73213e-010
0.4	1.6	1.60269e-011
0.5	1.6	2.63539e-009
0.6	1.6	2.37228e-007
0.700003	1.6	7.85591e-006
0.800024	1.59996	9.57046e-005
0.90004	1.59982	0.000428918
0.999955	1.59971	0.000707166
1.09991	1.59982	0.000428918
1.19996	1.59996	9.57046e-005
1.3	1.6	7.85591e-006
1.4	1.6	2.37228e-007
1.5	1.6	2.63536e-009
1.6	1.6	1.07701e-011
1.7	1.6	1.61922e-014
1.8	1.6	8.95567e-018
1.9	1.6	1.8222e-021
-2	1.7	5.41639e-008
-1.89996	1.69997	4.87543e-006
-1.79892	1.69889	0.000161191
-1.69109	1.68677	0.00192745
-1.57952	1.6447	0.00805726
-1.4942	1.61386	0.0125497
-1.41303	1.6447	0.00805726
-1.30712	1.68677	0.00192745
-1.20093	1.69889	0.000161191
-1.10004	1.69997	4.87543e-006
-1	1.7	5.41639e-008
-0.9	1.7	2.21355e-010
-0.8	1.7	3.32794e-013
-0.7	1.7	2.16362e-016
-0.6	1.7	7.90324e-015
-0.5	1.7	7.11423e-013
-0.4	1.7	2.35591e-011
-0.3	1.7	2.87009e-010
-0.2	1.7	1.28628e-009
-0.1	1.7	2.12072e-009
-2.06733e-010	1.7	1.28628e-009
0.1	1.7	2.87009e-010
0.2	1.7	2.35591e-011
0.3	1.7	7.11912e-013
0.4	1.7	3.33133e-013
0.5	1.7	7.95811e-011
0.6	1.7	7.16366e-009
0.7	1.7	2.37228e-007
0.800001	1.7	2.89003e-006
0.900001	1.69999	1.29522e-005
0.999999	1.69999	2.13546e-005
1.1	1.69999	1.29522e-005
1.2	1.7	2.89003e-006
1.3	1.7	2.37228e-007
1.4	1.7	7.16366e-009
1.5	1.7	7.95811e-011
1.6	1.7	3.2523e-013
1.7	1.7	4.88963e-016
1.8	1.7	2.70438e-019
1.9	1.7	5.50256e-023
-2	1.8	1.63561e-009
-1.9	1.8	1.47232e-007
-1.79997	1.79996	4.87543e-006
-1.69973	1.79947	5.93614e-005
-1.59933	1.79763	0.00026547
-1.4998	1.79609	0.000436906
-1.40043	1.79763	0.00026547
-1.30022	1.79947	5.93614e-005
-1.20003	1.79996	4.87543e-006
-1.1	1.8	1.47232e-007
-1	1.8	1.63561e-009
-0.9	1.8	6.68435e-012
-0.8	1.8	1.00495e-014
-0.7	1.8	5.5761e-018
-0.6	1.8	4.37227e-018
-0.5	1.8	3.93477e-016
-0.4	1.8	1.30302e-014
-0.3	1.8	1.5874e-013
-0.2	1.8	7.11423e-013
-0.1	1.8	1.17294e-012
-1.13897e-013	1.8	7.11423e-013
0.1	1.8	1.5874e-013
0.2	1.8	1.30302e-014
0.3	1.8	3.98909e-016
0.4	1.8	3.61735e-015
0.5	1.8	8.84066e-013
0.6	1.8	7.95811e-011
0.7	1.8	2.63536e-009
0.8	1.8	3.21053e-008
0.9	1.8	1.43886e-007
1	1.8	2.37228e-007
1.1	1.8	1.43886e-007
1.2	1.8	3.21053e-008
1.3	1.8	2.63536e-009
1.4	1.8	7.95811e-011
1.5	1.8	8.84066e-013
1.6	1.8	3.61298e-015
1.7	1.8	5.43189e-018
1.8	1.8	3.00429e-021
1.9	1.8	6.11279e-025
-2	1.9	1.817e-011
-1.9	1.9	1.63561e-009
-1.8	1.9	5.41639e-008
-1.7	1.89999	6.59847e-007
-1.59999	1.89997	2.95716e-006
-1.5	1.89995	4.87543e-006
-1.4	1.89997	2.95716e-006
-1.3	1.89999	6.59847e-007
-1.2	1.9	5.41639e-008
-1.1	1.9	1.63561e-009
-1	1.9	1.817e-011
-0.9	1.9	7.42565e-014
-0.8	1.9	1.1164e-016
-0.7	1.9	6.175e-020
-0.6	1.9	9.01951e-022
-0.5	1.9	8.00601e-020
-0.4	1.9	2.65123e-018
-0.3	1.9	3.22986e-017
-0.2	1.9	1.44752e-016
-0.1	1.9	2.38656e-016
4.20824e-016	1.9	1.44752e-016
0.1	1.9	3.22986e-017
0.2	1.9	2.65124e-018
0.3	1.9	1.02259e-019
0.4	1.9	1.47663e-017
0.5	1.9	3.61298e-015
0.6	1.9	3.2523e-013
0.7	1.9	1.07701e-011
0.8	1.9	1.31207e-010
0.9	1.9	5.88029e-010
1	1.9	9.69496e-010
1.1	1.9	5.88029e-010
1.2	1.9	1.31207e-010
1.3	1.9	1.07701e-011
1.4	1.9	3.2523e-013
1.5	1.9	3.61298e-015
1.6	1.9	1.47654e-017
1.7	1.9	2.21989e-020
1.8	1.9	1.22779e-023
1.9	1.9	2.49816e-027
