-1.79687	-1.91992	0.0483996
-1.79687	-1.91992	0.0484008
-1.79687	-1.91992	0.0484018
-1.79668	-1.91975	0.0484013
-1.79063	-1.91444	0.0484158
-1.68058	-1.87012	0.0410141
-1.43363	-1.75444	0.0316006
-1.41125	-1.68721	0.0396374
-1.28758	-1.74408	0.0419994
-1.03075	-1.87941	0.0489323
-0.940464	-1.9389	0.0488486
-0.931297	-1.94466	0.0489447
-0.890817	-1.946	0.0580077
-0.241691	-1.96477	0.204329
-0.0661031	-1.96985	0.243909
-0.0661031	-1.96985	0.243909
-0.0661031	-1.96985	0.243909
-0.0661031	-1.96985	0.24391
-0.0661031	-1.96985	0.24391
-0.0968218	-1.9566	0.268106
-0.143576	-1.85938	0.390249
0.0908614	-1.7446	0.433035
0.142854	-1.67896	0.524086
0.272257	-1.73526	0.417596
0.53792	-1.86777	0.165959
0.627089	-1.92653	0.0592212
0.635675	-1.93219	0.0489434
0.635942	-1.93237	0.0486235
0.635946	-1.93237	0.0486189
0.740511	-1.95745	0.0303768
1.15273	-1.9474	0.02454
1.3378	-1.89508	0.0479568
1.34561	-1.89792	0.0480177
1.46778	-1.94449	0.0488343
1.50133	-1.95727	0.0490588
1.50133	-1.95727	0.0490596
1.50133	-1.95727	0.0490603
1.50133	-1.95727	0.0490596
1.50133	-1.95727	0.0490588
1.58294	-1.9655	0.0390465
-1.79687	-1.91992	0.0483992
-1.79687	-1.91992	0.0484002
-1.79684	-1.9199	0.0484009
-1.79456	-1.91789	0.0484062
-1.72787	-1.85935	0.0485786
-1.46118	-1.62423	0.048758
-1.442	-1.60839	0.0493207
-1.442	-1.60839	0.049321
-1.442	-1.60839	0.0493209
-1.40543	-1.63249	0.0492864
-1.03075	-1.87941	0.0489339
-0.934529	-1.94264	0.0489072
-0.906623	-1.94552	0.0544531
-0.395068	-1.96033	0.169755
-0.0661089	-1.96985	0.243907
-0.0661031	-1.96985	0.243909
-0.0661031	-1.96985	0.243909
-0.0661031	-1.96985	0.24391
-0.0661041	-1.96985	0.243912
-0.100096	-1.92621	0.306655
0.0921386	-1.63379	0.621149
0.125154	-1.59647	0.659137
0.125424	-1.59595	0.659722
0.125435	-1.59594	0.659731
0.163366	-1.62093	0.614326
0.537922	-1.86777	0.16596
0.632669	-1.93021	0.052543
0.635908	-1.93235	0.0486642
0.635945	-1.93237	0.0486195
0.693199	-1.92567	0.0390004
1.20123	-1.89812	0.0335274
1.33751	-1.89495	0.0481297
1.34262	-1.89677	0.0480336
1.43885	-1.93337	0.0486421
1.50133	-1.95727	0.0490586
1.50133	-1.95727	0.0490592
1.50133	-1.95727	0.0490596
1.50133	-1.95727	0.0490592
1.50133	-1.95727	0.0490585
1.63874	-1.91202	0.033872
-1.81095	-1.91138	0.0450237
-1.79687	-1.91992	0.0483993
-1.79675	-1.91982	0.0483999
-1.78663	-1.91093	0.0484261
-1.57153	-1.71662	0.0489666
-1.442	-1.60839	0.049321
-1.442	-1.60839	0.049321
-1.442	-1.60839	0.049321
-1.442	-1.60839	0.049321
-1.442	-1.60839	0.049321
-1.24836	-1.736	0.0491385
-0.946152	-1.93512	0.0488678
-0.926034	-1.94488	0.0501061
-0.763539	-1.94968	0.0866961
-0.118751	-1.96416	0.228983
-0.0661048	-1.96985	0.243909
-0.0661031	-1.96985	0.243909
-0.0661042	-1.96985	0.24391
-0.0764711	-1.96503	0.25251
-0.0233294	-1.77256	0.478017
0.122622	-1.60141	0.653643
0.125288	-1.59621	0.659427
0.125427	-1.59594	0.659728
0.125431	-1.59594	0.659737
0.125435	-1.59594	0.659732
0.321733	-1.7253	0.424751
0.621426	-1.9228	0.0660006
0.635781	-1.93226	0.0488158
0.635945	-1.93237	0.0486197
0.739623	-1.87978	0.0364266
1.13737	-1.83662	0.0485771
1.32322	-1.88545	0.0624129
1.33582	-1.89325	0.0512157
1.3711	-1.90526	0.0483976
1.49434	-1.94829	0.0489917
1.50133	-1.95727	0.0490587
1.50133	-1.95727	0.0490588
1.50133	-1.95727	0.0490587
1.5154	-1.9298	0.0490455
1.66821	-1.66844	0.0459995
-1.95106	-1.73947	0.0105963
-1.76672	-1.80108	0.0414623
-1.75844	-1.84512	0.0483644
-1.71143	-1.77112	0.0483792
-1.48261	-1.61059	0.0491058
-1.442	-1.60839	0.049321
-1.442	-1.60839	0.049321
-1.442	-1.60839	0.0493211
-1.442	-1.60839	0.0493212
-1.442	-1.60839	0.0493211
-1.33895	-1.67629	0.0492312
-0.955599	-1.92893	0.0488659
-0.931298	-1.94465	0.0489433
-0.899433	-1.92684	0.0507115
-0.543473	-1.79152	0.0725078
-0.169611	-1.9159	0.237259
-0.0992498	-1.95718	0.267959
-0.127615	-1.94626	0.288705
-0.182811	-1.90871	0.349252
0.0491575	-1.66817	0.589321
0.124978	-1.59682	0.658753
0.125401	-1.59599	0.659672
0.12543	-1.59594	0.659735
0.125431	-1.59593	0.659737
0.125431	-1.59593	0.659737
0.230991	-1.6655	0.533374
0.612228	-1.91674	0.0770093
0.635676	-1.93219	0.0489418
0.648388	-1.9133	0.0529005
0.813657	-1.67483	0.285999
0.871505	-1.59577	0.440453
1.00967	-1.67647	0.358172
1.24027	-1.83041	0.145525
1.34232	-1.88181	0.056432
1.54587	-1.75196	0.0487119
1.57463	-1.81413	0.0489908
1.54064	-1.8805	0.0490223
1.57463	-1.81412	0.0489912
1.65585	-1.65553	0.0489162
1.68941	-1.59	0.0488843
-1.98015	-1.59957	0.00257963
-1.6685	-1.56752	0.038801
-1.61437	-1.56388	0.0482311
-1.60603	-1.55847	0.0482591
-1.50444	-1.5857	0.0489079
-1.442	-1.60839	0.049321
-1.442	-1.60839	0.0493211
-1.442	-1.60839	0.0493216
-1.442	-1.60839	0.0493221
-1.442	-1.60839	0.0493215
-1.25991	-1.68348	0.0448614
-0.934047	-1.86399	0.0621968
-0.866564	-1.80492	0.169483
-0.769861	-1.64749	0.384703
-0.686705	-1.5914	0.356759
-0.492278	-1.65199	0.172731
-0.241061	-1.88406	0.337799
-0.224781	-1.90902	0.359284
-0.217954	-1.89894	0.370245
-0.00997013	-1.71505	0.546042
0.125396	-1.596	0.659666
0.125429	-1.59594	0.659733
0.125431	-1.59594	0.659737
0.125431	-1.59593	0.659737
0.125434	-1.59594	0.659732
0.301688	-1.67635	0.417635
0.614543	-1.85642	0.0570098
0.66966	-1.80197	0.0711095
0.78882	-1.63311	0.425434
0.824023	-1.56509	0.547996
0.827255	-1.55878	0.556585
0.82736	-1.55858	0.556846
0.860646	-1.57257	0.516935
1.25177	-1.7458	0.1292
1.62455	-1.61904	0.0444541
1.68727	-1.59416	0.0488868
1.68381	-1.60092	0.0488908
1.68727	-1.59416	0.0488883
1.69151	-1.58589	0.0488837
1.69264	-1.58368	0.0488818
-1.98857	-1.50136	0.00139777
-1.71684	-1.5288	0.029985
-1.60543	-1.54633	0.0482222
-1.60433	-1.54665	0.0482327
-1.57343	-1.55812	0.0486606
-1.45324	-1.60354	0.049896
-1.442	-1.60839	0.0493219
-1.442	-1.60839	0.0493221
-1.442	-1.60838	0.0493255
-1.42536	-1.5899	0.0699631
-1.0969	-1.49761	0.169491
-0.773282	-1.5777	0.513777
-0.745735	-1.58146	0.564433
-0.741178	-1.57342	0.576153
-0.740004	-1.57126	0.579246
-0.722703	-1.56672	0.539622
-0.428551	-1.57911	0.192031
-0.180363	-1.76332	0.434018
-0.189874	-1.83302	0.426737
-0.103124	-1.73822	0.513961
0.111024	-1.59744	0.656381
0.12543	-1.59593	0.659739
0.125431	-1.59593	0.659738
0.12543	-1.59593	0.659736
0.14437	-1.58914	0.613217
0.431057	-1.52843	0.128249
0.60474	-1.52223	0.0214795
0.774241	-1.54736	0.334221
0.826123	-1.56099	0.553575
0.827255	-1.55878	0.556585
0.827354	-1.55859	0.556846
0.827358	-1.55858	0.556854
0.827638	-1.55859	0.556687
1.02847	-1.54156	0.336486
1.5736	-1.55507	0.0367016
1.69268	-1.5836	0.0488813
1.69264	-1.58368	0.0488823
1.69268	-1.5836	0.0488827
1.69273	-1.58351	0.0488822
1.69274	-1.58348	0.0488816
-1.99742	-1.40095	0.000314903
-1.84253	-1.42847	0.00942909
-1.61898	-1.53564	0.0450206
-1.60522	-1.54614	0.0482611
-1.60017	-1.54522	0.0515625
-1.51758	-1.50917	0.129661
-1.37901	-1.47531	0.229981
-1.40472	-1.53558	0.149497
-1.37379	-1.47518	0.232592
-1.29348	-1.31835	0.448367
-1.22732	-1.26278	0.536697
-0.840728	-1.50545	0.575567
-0.743403	-1.56889	0.579276
-0.740109	-1.5708	0.579559
-0.740128	-1.57065	0.579624
-0.740055	-1.5708	0.579594
-0.608411	-1.50903	0.372226
-0.15594	-1.49902	0.432383
-0.0485774	-1.55428	0.66601
-0.0417113	-1.55057	0.669946
-0.00396783	-1.55175	0.674725
0.0662273	-1.57377	0.668121
0.0928698	-1.58355	0.6645
0.110957	-1.55327	0.572071
0.336724	-1.44094	0.143304
0.493532	-1.4037	0.0119851
0.610313	-1.40774	0.0262031
0.800972	-1.52586	0.441534
0.827343	-1.55861	0.556818
0.827356	-1.55858	0.556851
0.827357	-1.55858	0.556855
0.827357	-1.55858	0.556855
0.827419	-1.55858	0.556818
0.918742	-1.51763	0.46617
1.42964	-1.43842	0.0394827
1.67863	-1.56983	0.0453424
1.69274	-1.58348	0.0488821
1.69274	-1.58348	0.0488819
1.69274	-1.58348	0.0488817
1.70689	-1.55586	0.048868
-1.99976	-1.29998	4.22426e-005
-1.89466	-1.30406	0.00103112
-1.75309	-1.34499	0.0206457
-1.57432	-1.42398	0.142978
-1.55893	-1.46675	0.145425
-1.35911	-1.30391	0.425491
-1.25645	-1.24604	0.547858
-1.2611	-1.25512	0.535361
-1.25862	-1.25029	0.542016
-1.25339	-1.24008	0.556063
-1.25104	-1.23548	0.562386
-1.05843	-1.36118	0.56955
-0.756851	-1.55667	0.579961
-0.749519	-1.55	0.583535
-0.755307	-1.53685	0.586066
-0.749355	-1.5501	0.583542
-0.680455	-1.50916	0.494652
-0.277065	-1.35437	0.167095
-0.049843	-1.51817	0.637197
-0.0379218	-1.53435	0.683184
-0.0357849	-1.53486	0.68312
-0.0312561	-1.53632	0.682657
-0.0139494	-1.52213	0.638723
0.229719	-1.35388	0.151419
0.395303	-1.30349	0.00885071
0.499866	-1.30026	0.000580671
0.606483	-1.30735	0.015884
0.779151	-1.4588	0.34428
0.827357	-1.55858	0.556851
0.827357	-1.55858	0.556855
0.827356	-1.55858	0.556855
0.827356	-1.55858	0.556856
0.827366	-1.55857	0.556854
0.908598	-1.41909	0.58293
1.31827	-1.29075	0.141935
1.54331	-1.35165	0.0144685
1.72476	-1.45299	0.0419311
1.73219	-1.5064	0.0488873
1.76624	-1.44004	0.0488152
1.84743	-1.2816	0.0487349
-1.99782	-1.18955	0.0013942
-1.90075	-1.18309	0.00254578
-1.78484	-1.19053	0.023664
-1.47903	-1.18691	0.374039
-1.41646	-1.1946	0.465814
-1.28484	-1.22531	0.54423
-1.25068	-1.23477	0.563359
-1.25082	-1.23505	0.562983
-1.25086	-1.23513	0.562867
-1.25073	-1.23487	0.563221
-1.25062	-1.23465	0.563523
-1.14973	-1.29926	0.567268
-0.824456	-1.42088	0.604361
-0.940747	-1.12447	0.664589
-0.996779	-0.999309	0.688478
-0.940579	-1.12441	0.664644
-0.742959	-1.31828	0.632399
-0.37068	-1.20028	0.184726
-0.172296	-1.26273	0.142583
-0.0612152	-1.4095	0.429985
-0.0304981	-1.46865	0.55035
0.0133789	-1.41006	0.43019
0.152766	-1.26656	0.136209
0.293844	-1.20618	0.0125963
0.399737	-1.20022	0.000429899
0.500018	-1.20003	4.89698e-005
0.601593	-1.20229	0.00378877
0.731867	-1.26846	0.12257
0.835417	-1.53121	0.546554
0.827321	-1.55855	0.556867
0.827189	-1.55847	0.556907
0.827093	-1.55838	0.556943
0.840876	-1.53196	0.565161
0.982591	-1.25797	0.650438
1.16738	-1.18326	0.427268
1.49965	-1.1868	0.050958
1.81	-1.20846	0.0567771
1.87208	-1.22478	0.0526136
1.87854	-1.22016	0.0490267
1.88303	-1.21209	0.0487117
-1.95324	-0.936491	0.030027
-1.91942	-0.889635	0.0386644
-1.87277	-0.937296	0.0353397
-1.60054	-1.08511	0.251642
-1.41808	-1.16874	0.479566
-1.3123	-1.21124	0.533762
-1.25059	-1.2346	0.5636
-1.25059	-1.2346	0.563592
-1.25059	-1.23461	0.563587
-1.25059	-1.2346	0.563593
-1.25059	-1.2346	0.563598
-1.08089	-1.2996	0.576914
-1.04369	-0.918103	0.70162
-1.05911	-0.860809	0.71484
-1.05905	-0.860684	0.71489
-1.05905	-0.860687	0.714889
-1.02725	-0.888636	0.712997
-0.587213	-1.05193	0.603431
-0.244732	-1.05112	0.133592
-0.102981	-1.10759	0.0298926
-0.00202062	-1.1205	0.0331994
0.0958771	-1.11246	0.0201884
0.198349	-1.1027	0.00457726
0.299792	-1.1002	0.000381905
0.39999	-1.1	1.20625e-005
0.500003	-1.1	4.90273e-006
0.600344	-1.10029	0.000655206
0.716954	-1.11187	0.040869
0.945916	-1.24271	0.541623
0.896491	-1.41443	0.602397
0.849412	-1.47606	0.584116
0.869276	-1.41331	0.604678
0.96484	-1.25898	0.650057
1.08075	-1.13144	0.666827
1.26564	-0.980285	0.616505
1.39591	-0.919267	0.52588
1.52597	-0.98477	0.413986
1.78466	-1.14425	0.16539
1.87521	-1.20387	0.0592588
1.88399	-1.20954	0.0490215
-1.92444	-0.835781	0.048521
-1.92444	-0.83578	0.0485214
-1.92444	-0.835781	0.0485212
-1.90408	-0.850144	0.0518578
-1.52183	-1.09794	0.373587
-1.38461	-1.18268	0.498275
-1.26206	-1.23022	0.558097
-1.25059	-1.2346	0.563603
-1.25059	-1.2346	0.563603
-1.25059	-1.23459	0.5636
-1.23153	-1.21921	0.528712
-0.97264	-1.04537	0.643221
-1.06031	-0.863138	0.713898
-1.05907	-0.86071	0.714879
-1.05905	-0.860683	0.714891
-1.05905	-0.860683	0.71489
-1.05904	-0.860681	0.714882
-0.855314	-0.957989	0.702731
-0.376064	-0.852639	0.528793
-0.149813	-0.962056	0.108721
-0.00236804	-0.984517	0.00536433
0.0950123	-0.976705	0.00261927
0.194048	-0.985714	0.00149359
0.297997	-0.996771	0.000330005
0.399781	-0.999734	2.69574e-005
0.499992	-0.999992	1.93786e-006
0.600137	-1.00007	0.000242772
0.708973	-1.00564	0.0204817
0.92238	-1.11716	0.427592
0.864753	-1.19284	0.677569
0.568218	-1.20912	0.694406
0.460014	-1.21279	0.702589
0.738743	-1.14139	0.686913
1.33905	-0.895529	0.649748
1.37364	-0.873136	0.647363
1.37364	-0.873135	0.647363
1.37364	-0.873136	0.647358
1.40901	-0.896001	0.604545
1.78474	-1.14409	0.165389
1.88094	-1.2075	0.0526052
-1.92444	-0.83578	0.0485214
-1.92444	-0.83578	0.0485214
-1.92444	-0.83578	0.0485214
-1.92443	-0.835783	0.0485242
-1.78677	-0.880541	0.0661191
-1.45671	-1.06491	0.297958
-1.3798	-1.13979	0.421033
-1.29575	-1.17206	0.464488
-1.24876	-1.17829	0.46979
-1.19582	-1.11034	0.354931
-1.03972	-0.965192	0.162584
-0.997074	-0.888172	0.667516
-1.05916	-0.860885	0.714808
-1.05905	-0.860685	0.71489
-1.05905	-0.860683	0.714892
-1.05905	-0.860681	0.714888
-1.05889	-0.860628	0.714786
-0.943224	-0.897852	0.701424
-0.385988	-0.827064	0.551632
-0.20718	-0.781276	0.283763
-0.00527742	-0.654581	0.0369685
0.0177877	-0.588004	0.0395905
0.0731786	-0.656586	0.0308608
0.240316	-0.823345	0.00971847
0.392802	-0.893054	0.00088066
0.499726	-0.899788	3.10102e-005
0.599957	-0.900014	0.000441745
0.696259	-0.90298	0.0202626
0.69261	-0.989351	0.333776
0.343698	-1.20406	0.706339
0.317901	-1.22179	0.711751
0.355823	-1.20927	0.709439
0.988512	-1.00032	0.670852
1.37363	-0.873137	0.647364
1.37364	-0.873135	0.647363
1.37364	-0.873135	0.647363
1.37364	-0.873135	0.647363
1.37364	-0.873135	0.647358
1.55475	-0.956049	0.413874
1.87259	-1.13921	0.0564555
-1.92444	-0.83578	0.0485214
-1.92444	-0.83578	0.0485215
-1.92444	-0.83578	0.0485216
-1.92444	-0.83578	0.0485216
-1.85819	-0.828961	0.0393564
-1.51753	-0.811988	0.0160163
-1.39997	-0.820177	0.0263552
-1.30174	-0.823002	0.0299063
-1.2037	-0.822896	0.0297811
-1.10299	-0.810855	0.0209064
-0.975895	-0.747069	0.146846
-0.987195	-0.732115	0.668503
-1.05906	-0.860687	0.714887
-1.05905	-0.860683	0.71489
-1.05905	-0.860683	0.714891
-1.05903	-0.860676	0.714877
-1.05826	-0.860423	0.714392
-0.801735	-0.867494	0.657471
-0.293551	-0.75528	0.44294
-0.021822	-0.531392	0.0745408
-0.00225846	-0.511797	0.049218
-0.00225837	-0.511795	0.0492174
-0.0022572	-0.511797	0.0492169
0.0184229	-0.531515	0.0458496
0.320571	-0.743092	0.00971845
0.496675	-0.798096	0.000372411
0.599257	-0.80044	0.0043617
0.652297	-0.821728	0.140563
0.396881	-1.0804	0.662484
0.316882	-1.22213	0.711813
0.318584	-1.22157	0.711711
0.380375	-1.20116	0.707943
1.17378	-0.939139	0.659553
1.37364	-0.873135	0.647365
1.37364	-0.873135	0.647364
1.37364	-0.873135	0.647363
1.37364	-0.873135	0.647363
1.37364	-0.873135	0.647363
1.45996	-0.860786	0.517321
1.87444	-0.821848	0.0327607
-1.92444	-0.83578	0.0485215
-1.92444	-0.83578	0.0485221
-1.92444	-0.83578	0.0485225
-1.92443	-0.835779	0.0485218
-1.80416	-0.780211	0.0396716
-1.51897	-0.697448	0.0164795
-1.40235	-0.698782	0.00377875
-1.30025	-0.7002	0.000627579
-1.19994	-0.700248	0.000553901
-1.09324	-0.693949	0.0185019
-0.917926	-0.568546	0.392867
-0.905601	-0.56102	0.641351
-1.04612	-0.835433	0.708694
-1.05905	-0.860681	0.714889
-1.05905	-0.860683	0.71489
-1.05902	-0.860669	0.714866
-1.03281	-0.845197	0.706778
-0.48961	-0.81439	0.565901
-0.12834	-0.621074	0.226068
-0.0022598	-0.511796	0.0492212
-0.00225837	-0.511795	0.0492187
-0.00225837	-0.511795	0.0492175
-0.00225837	-0.511795	0.0492172
-0.00225662	-0.511796	0.0492169
0.147791	-0.581986	0.0308593
0.48527	-0.694526	0.00164517
0.596949	-0.704581	0.018649
0.567038	-0.813536	0.404986
0.35504	-1.14753	0.693395
0.316866	-1.22214	0.711815
0.317899	-1.2218	0.711753
0.355824	-1.20927	0.709441
0.988518	-1.00032	0.670852
1.37363	-0.873137	0.647364
1.37364	-0.873135	0.647363
1.37364	-0.873135	0.647363
1.37364	-0.873135	0.647363
1.37364	-0.873133	0.647358
1.53439	-0.807206	0.403988
1.8846	-0.705168	0.0190709
-1.92444	-0.835778	0.0485213
-1.92444	-0.83578	0.0485225
-1.92444	-0.835778	0.0485236
-1.91054	-0.81386	0.0677096
-1.75089	-0.560508	0.347181
-1.64704	-0.516608	0.327901
-1.465	-0.573111	0.1035
-1.30764	-0.597565	0.00936979
-1.20011	-0.599866	0.000625999
-1.08888	-0.594588	0.0298341
-0.893792	-0.509358	0.500582
-0.871082	-0.493612	0.624814
-0.905598	-0.561015	0.641354
-0.987987	-0.721904	0.680835
-1.0217	-0.787734	0.696989
-0.987965	-0.721899	0.680821
-0.824353	-0.614288	0.629715
-0.37209	-0.791806	0.530642
-0.0670872	-0.565854	0.137977
-0.00225837	-0.511795	0.0492187
-0.00225837	-0.511795	0.0492181
-0.00225837	-0.511795	0.0492174
-0.00225837	-0.511795	0.0492172
-0.00225837	-0.511795	0.0492172
0.0765862	-0.528544	0.0396009
0.475789	-0.595666	0.00270923
0.595213	-0.612017	0.0303019
0.539029	-0.811646	0.5065
0.388874	-1.08144	0.677079
0.31685	-1.22214	0.711815
0.317079	-1.22207	0.711803
0.325669	-1.21923	0.711279
0.530341	-1.15151	0.698797
1.30102	-0.89674	0.651796
1.37363	-0.873135	0.647363
1.37364	-0.873135	0.647363
1.37364	-0.873132	0.647362
1.39096	-0.849312	0.629262
1.68069	-0.637567	0.224908
1.89077	-0.599907	0.0153806
-1.95234	-0.708749	0.0314887
-1.91325	-0.768408	0.0593157
-1.8576	-0.702912	0.207671
-1.77576	-0.545439	0.423036
-1.73792	-0.471547	0.518353
-1.73325	-0.46244	0.530096
-1.7094	-0.464687	0.493019
-1.38447	-0.492562	0.103547
-1.20337	-0.499745	0.00367429
-1.09323	-0.499607	0.0183056
-0.916985	-0.491712	0.390596
-0.867746	-0.487097	0.623212
-0.868914	-0.489379	0.623775
-0.873282	-0.497907	0.625868
-0.876851	-0.504878	0.627579
-0.873273	-0.497908	0.625863
-0.665281	-0.586396	0.560166
-0.293348	-0.672144	0.36102
-0.0766015	-0.515822	0.0854929
-0.00225929	-0.511795	0.0492176
-0.00225837	-0.511795	0.0492174
-0.00225837	-0.511795	0.0492172
-0.00225837	-0.511795	0.0492172
-0.00225702	-0.511794	0.0492171
0.132304	-0.480797	0.0344613
0.479902	-0.494185	0.00252436
0.59749	-0.509949	0.0215301
0.577705	-0.720395	0.427926
0.470761	-0.921474	0.637589
0.330257	-1.19594	0.705348
0.316864	-1.22214	0.711815
0.317659	-1.22185	0.711767
0.34402	-1.21122	0.710182
0.7352	-1.02221	0.681048
1.4338	-0.737425	0.633744
1.41219	-0.79789	0.645766
1.4461	-0.731713	0.644363
1.52784	-0.572203	0.640975
1.57895	-0.504708	0.594378
1.83238	-0.491499	0.135501
-1.99021	-0.41502	0.0163656
-1.80317	-0.460276	0.314641
-1.74103	-0.477629	0.510504
-1.73582	-0.467458	0.523627
-1.73348	-0.462872	0.529542
-1.73306	-0.462051	0.530602
-1.73302	-0.46199	0.530676
-1.56992	-0.437783	0.331749
-1.21558	-0.401636	0.0157634
-1.09845	-0.400434	0.00441727
-0.96922	-0.413017	0.125936
-0.866824	-0.477046	0.58324
-0.867655	-0.486918	0.623169
-0.867705	-0.487016	0.623195
-0.867745	-0.487095	0.623212
-0.830349	-0.479971	0.586229
-0.318693	-0.466117	0.182825
-0.174857	-0.46074	0.0664953
-0.132422	-0.462174	0.051025
-0.00865179	-0.503357	0.0491699
-0.0022574	-0.511793	0.0492172
-0.00225837	-0.511795	0.0492172
-0.00225726	-0.511793	0.0492172
0.0108388	-0.486219	0.0492051
0.163021	-0.226305	0.0463625
0.435904	-0.349521	0.0100896
0.599496	-0.403379	0.0188413
0.661651	-0.526437	0.374363
0.517569	-0.83006	0.613407
0.470761	-0.921474	0.637589
0.388876	-1.08143	0.677079
0.355447	-1.14732	0.693378
0.427465	-1.05561	0.673121
1.24704	-0.5653	0.565475
1.55963	-0.510158	0.639658
1.55613	-0.516997	0.639809
1.55963	-0.510152	0.639665
1.56392	-0.501783	0.639487
1.56507	-0.499542	0.639437
1.66037	-0.395989	0.525473
-1.98735	-0.307904	0.0250924
-1.76676	-0.42988	0.423579
-1.7333	-0.462523	0.529991
-1.73314	-0.462245	0.530335
-1.73294	-0.461945	0.530666
-1.73283	-0.461825	0.530775
-1.73291	-0.461887	0.530741
-1.65556	-0.421134	0.450888
-1.23098	-0.304091	0.0366499
-1.09764	-0.298836	0.00235423
-0.934711	-0.267006	0.051143
-0.726133	-0.196981	0.276971
-0.796145	-0.347318	0.467395
-0.829928	-0.413268	0.540998
-0.796145	-0.347319	0.467395
-0.692853	-0.202102	0.278626
-0.277411	-0.384977	0.0892683
-0.169213	-0.447382	0.0496484
-0.152531	-0.441706	0.0482213
0.0448675	-0.305336	0.0488015
0.069142	-0.372363	0.0491512
0.0353894	-0.438277	0.0491825
0.0691442	-0.37236	0.0491516
0.151358	-0.211812	0.0490757
0.18573	-0.144694	0.0490432
0.30528	-0.198738	0.0308163
0.59251	-0.303544	0.0249194
0.696233	-0.446825	0.406284
0.661621	-0.548927	0.526124
0.577645	-0.712816	0.577104
0.538986	-0.788273	0.600096
0.567428	-0.733672	0.582684
0.694066	-0.56497	0.53643
1.40501	-0.487948	0.595866
1.56511	-0.499466	0.639437
1.56507	-0.499545	0.63944
1.56511	-0.499466	0.639439
1.56516	-0.499371	0.639436
1.56517	-0.499346	0.639434
1.60497	-0.421623	0.622954
-1.99224	-0.207576	0.0154034
-1.79526	-0.362665	0.331723
-1.73284	-0.461832	0.530761
-1.7307	-0.459951	0.531874
-1.7227	-0.452928	0.536008
-1.71616	-0.447188	0.539383
-1.7227	-0.452924	0.536011
-1.653	-0.323584	0.569897
-1.28043	-0.186444	0.145222
-1.09056	-0.196821	0.010579
-0.796739	-0.145558	0.129515
-0.677375	-0.115454	0.208627
-0.681721	-0.123939	0.218098
-0.685274	-0.130876	0.225841
-0.681721	-0.123939	0.218098
-0.677373	-0.115454	0.208627
-0.492309	-0.231924	0.146169
-0.180428	-0.439433	0.0527683
-0.148732	-0.434589	0.0482192
0.118266	-0.201618	0.0488617
0.18354	-0.148968	0.0490456
0.179986	-0.155907	0.0490497
0.18354	-0.148968	0.0490472
0.187887	-0.140479	0.0490425
0.189049	-0.138208	0.0490405
0.249881	-0.147745	0.0396672
0.581751	-0.201831	0.0165187
0.69979	-0.370652	0.314789
0.698508	-0.476917	0.503667
0.694121	-0.485505	0.506354
0.690493	-0.492614	0.508594
0.694402	-0.485628	0.50656
0.723243	-0.477422	0.507703
1.2629	-0.436717	0.588578
1.56515	-0.499289	0.639435
1.56517	-0.49934	0.639435
1.56517	-0.499344	0.639435
1.56517	-0.499344	0.639435
1.56517	-0.499341	0.639433
1.63902	-0.355129	0.608857
-1.9981	-0.10236	0.00369085
-1.8588	-0.170323	0.119736
-1.72018	-0.430733	0.526502
-1.66347	-0.400924	0.566578
-1.51161	-0.267611	0.644947
-1.44889	-0.212552	0.677313
-1.5068	-0.258235	0.648708
-1.54118	-0.162205	0.662328
-1.41448	-0.0954431	0.431585
-1.0922	-0.100159	0.0294777
-0.739643	-0.110434	0.165565
-0.676121	-0.113007	0.205898
-0.67617	-0.113103	0.206006
-0.676211	-0.113183	0.206096
-0.67617	-0.113103	0.206006
-0.676121	-0.113007	0.205898
-0.613679	-0.121479	0.167594
-0.239496	-0.305235	0.0386762
-0.162246	-0.372912	0.0390158
0.0656351	-0.205645	0.0419657
0.189089	-0.138128	0.0490402
0.189049	-0.138208	0.049041
0.18909	-0.138128	0.0490414
0.18914	-0.138032	0.0490409
0.189154	-0.138005	0.0490403
0.277411	-0.0449248	0.0421752
0.546452	-0.0385186	0.0135277
0.698515	-0.165983	0.110412
0.710651	-0.447851	0.491756
0.700022	-0.474185	0.503052
0.703296	-0.470114	0.50435
0.715788	-0.454486	0.509085
0.743117	-0.418508	0.51684
0.996142	-0.226132	0.565167
1.529	-0.465147	0.619088
1.565	-0.498952	0.639472
1.56517	-0.499331	0.639435
1.56517	-0.49934	0.639433
1.57953	-0.471312	0.633491
1.71995	-0.197097	0.575351
-1.99956	-0.000306912	0.000704377
-1.87706	-0.0131689	0.0454807
-1.57304	-0.147675	0.575491
-1.39795	-0.162439	0.70494
-1.37816	-0.150458	0.713815
-1.37815	-0.150456	0.713816
-1.37816	-0.150456	0.713815
-1.38989	-0.146738	0.71123
-1.459	-0.0772813	0.600142
-1.1138	-0.00353797	0.0539387
-0.796967	-0.0708398	0.12964
-0.676115	-0.112975	0.205872
-0.676108	-0.11298	0.205868
-0.676107	-0.11298	0.205869
-0.676107	-0.11298	0.205868
-0.676106	-0.112978	0.205866
-0.592799	-0.0106798	0.140533
-0.343149	0.0361227	0.0163801
-0.201009	-0.0172637	0.00349073
-0.0447383	-0.0375015	0.0108203
0.176126	-0.128385	0.0457052
0.189097	-0.13788	0.0490402
0.189141	-0.137977	0.0490405
0.189154	-0.138	0.0490403
0.202356	-0.112232	0.049028
0.342961	0.162256	0.048898
0.394263	0.217471	0.0456001
0.644052	0.0360922	0.0377719
0.836525	-0.155326	0.45347
0.779733	-0.325	0.524727
0.837092	-0.281502	0.551834
1.06731	0.00437191	0.640627
1.16769	0.132953	0.678598
1.11617	0.0885394	0.65265
1.13539	-0.0819415	0.546076
1.58953	-0.325968	0.534695
1.60472	-0.420953	0.623021
1.63901	-0.355058	0.608863
1.71995	-0.197092	0.575352
1.75328	-0.132015	0.561552
-1.99964	0.099848	0.000465796
-1.8746	0.0871367	0.0402584
-1.47606	-0.101275	0.605754
-1.37816	-0.150456	0.713816
-1.37815	-0.150456	0.713816
-1.37815	-0.150456	0.713817
-1.37815	-0.150456	0.713816
-1.37816	-0.150456	0.713816
-1.40669	-0.0734986	0.699226
-1.16404	0.121205	0.179502
-0.938616	0.0591198	0.0464324
-0.691243	-0.0983601	0.191969
-0.67611	-0.112977	0.205868
-0.676107	-0.11298	0.205867
-0.676106	-0.112977	0.205866
-0.663082	-0.0875436	0.195153
-0.522556	0.186871	0.0795685
-0.473096	0.247299	0.0461242
-0.255237	0.132729	0.00970654
-0.0977022	0.104121	0.00197421
0.0416761	0.0695815	0.0118094
0.216196	-0.00782701	0.0422825
0.225737	-0.0618927	0.0490064
0.260682	0.00201807	0.0489744
0.342956	0.162261	0.0488989
0.37727	0.229236	0.048867
0.380585	0.235704	0.0488634
0.50172	0.183002	0.0368979
0.845643	-0.0193526	0.343555
0.956315	-0.0482485	0.582498
1.22097	0.188191	0.70115
1.24607	0.211003	0.712327
1.24607	0.211005	0.712329
1.24607	0.211003	0.712327
1.22862	0.199558	0.703563
1.43586	0.11352	0.349941
1.7396	-0.0977985	0.540977
1.74909	-0.131447	0.563191
1.75519	-0.127563	0.560751
1.75648	-0.125735	0.560222
-1.99958	0.199925	0.000523457
-1.87278	0.181789	0.0385165
-1.45008	-0.0914121	0.601385
-1.37815	-0.150456	0.713816
-1.37815	-0.150456	0.713817
-1.37815	-0.150456	0.713818
-1.37815	-0.150456	0.713817
-1.37815	-0.150456	0.713816
-1.35417	-0.0769668	0.711994
-1.24781	0.225584	0.513671
-1.00896	0.197314	0.0420223
-0.846529	0.139632	0.0428459
-0.648916	0.0176835	0.140504
-0.638585	-0.0397051	0.175003
-0.604849	0.0261743	0.147254
-0.522559	0.18687	0.0795689
-0.488023	0.254202	0.051246
-0.481411	0.263582	0.0485173
-0.350518	0.274898	0.032387
-0.118557	0.352769	0.0209929
-0.0669745	0.415146	0.0296624
0.137603	0.362542	0.0435527
0.316259	0.257112	0.0489234
0.370267	0.228286	0.0488739
0.379276	0.233538	0.0488663
0.380582	0.235706	0.0488644
0.380686	0.235902	0.0488643
0.44382	0.228481	0.0402781
0.816309	0.148603	0.139273
1.11642	0.103503	0.649244
1.24607	0.211003	0.712327
1.24607	0.211005	0.712329
1.24607	0.211005	0.71233
1.24607	0.211005	0.712329
1.24607	0.211006	0.712328
1.30537	0.324251	0.68042
1.58521	0.420095	0.533238
1.75408	0.128258	0.491621
1.79008	-0.0367569	0.502061
1.83022	0.0190076	0.446591
-1.99582	0.309028	0.00795275
-1.88258	0.301255	0.0336973
-1.52813	0.0196384	0.464787
-1.37816	-0.150454	0.713815
-1.37815	-0.150456	0.713816
-1.37815	-0.150456	0.713817
-1.37815	-0.150456	0.713816
-1.37815	-0.150454	0.713816
-1.30617	-0.00984238	0.710042
-1.19938	0.216614	0.695699
-1.05173	0.283175	0.173538
-0.88148	0.294844	0.00942381
-0.551187	0.257379	0.0437846
-0.493881	0.242873	0.0559798
-0.49032	0.249826	0.0530507
-0.485951	0.258344	0.0494683
-0.48355	0.261705	0.0485129
-0.44557	0.295155	0.0485271
-0.201769	0.499718	0.0471663
-0.129809	0.571894	0.0492642
-0.129822	0.572337	0.0493381
-0.129154	0.571827	0.0493084
-0.00699819	0.491333	0.0492247
0.324342	0.272894	0.0489163
0.378876	0.237065	0.048866
0.380667	0.235919	0.0488639
0.380691	0.235908	0.0488645
0.499768	0.260418	0.0325059
0.816839	0.294749	0.0863863
1.19646	0.213299	0.679171
1.24607	0.211005	0.712329
1.24607	0.211005	0.71233
1.24607	0.211005	0.712331
1.24607	0.211005	0.71233
1.24607	0.211005	0.712329
1.2838	0.284688	0.705748
1.42833	0.566915	0.680538
1.47394	0.559472	0.649636
1.84196	0.299572	0.356542
1.9393	0.240011	0.276419
-1.91405	0.536852	0.166883
-1.86545	0.571587	0.218267
-1.74311	0.400991	0.280666
-1.3898	-0.113464	0.693259
-1.37815	-0.150454	0.713816
-1.37815	-0.150456	0.713816
-1.37815	-0.150454	0.713816
-1.36477	-0.124303	0.713114
-1.22426	0.150167	0.705747
-1.188	0.221002	0.703844
-1.12135	0.287499	0.451054
-0.896977	0.390699	0.0227045
-0.603255	0.312876	0.0305461
-0.484802	0.260608	0.0485105
-0.484758	0.260688	0.048476
-0.484647	0.260838	0.0484362
-0.47913	0.265695	0.0484401
-0.34002	0.387819	0.0487979
-0.130274	0.572005	0.0494064
-0.129826	0.572344	0.0493393
-0.129826	0.572344	0.0493393
-0.129826	0.572344	0.0493393
-0.129001	0.571806	0.049333
0.172559	0.373068	0.0490576
0.37268	0.241185	0.0488711
0.380599	0.235968	0.0488632
0.395579	0.24733	0.0461391
0.616867	0.40066	0.0880702
0.675598	0.518754	0.326363
1.02683	0.338507	0.625564
1.24607	0.211007	0.712327
1.24607	0.211005	0.712329
1.24607	0.211005	0.71233
1.24607	0.211005	0.712329
1.24607	0.211007	0.712328
1.31757	0.350629	0.699859
1.43188	0.573848	0.679924
1.43742	0.58467	0.678953
1.6319	0.456572	0.521497
1.93328	0.257905	0.277405
-1.86059	0.622145	0.270736
-1.86033	0.621732	0.270976
-1.85167	0.608224	0.278828
-1.72714	0.446102	0.366812
-1.32659	0.000462333	0.701396
-1.34	-0.0759255	0.711815
-1.30617	-0.00984248	0.710041
-1.22426	0.150167	0.705746
-1.19014	0.216821	0.703957
-1.18685	0.223254	0.703785
-1.15052	0.277468	0.566524
-0.911204	0.485203	0.034161
-0.738292	0.452905	0.00990897
-0.499469	0.277493	0.0451795
-0.484695	0.260813	0.0484244
-0.484592	0.260901	0.0484252
-0.475563	0.268829	0.0484502
-0.274173	0.451293	0.0546073
-0.129831	0.572344	0.0493434
-0.129826	0.572344	0.0493393
-0.129826	0.572344	0.0493393
-0.129826	0.572344	0.0493393
-0.129817	0.572341	0.0493383
0.0727125	0.472032	0.0415471
0.371221	0.295051	0.0395898
0.42512	0.334566	0.0318953
0.552196	0.465134	0.087714
0.577313	0.595597	0.451689
0.576452	0.606861	0.493943
0.705018	0.531069	0.53604
1.19982	0.238384	0.697254
1.24607	0.211007	0.712327
1.24607	0.211005	0.712329
1.24607	0.211007	0.712328
1.25922	0.236675	0.710036
1.39973	0.511078	0.68553
1.43622	0.582325	0.679167
1.43747	0.584768	0.678948
1.52999	0.535731	0.574391
1.91486	0.312329	0.234017
-1.86059	0.62215	0.270735
-1.86058	0.622137	0.270743
-1.86011	0.621601	0.271118
-1.83779	0.605461	0.28626
-1.39386	0.347224	0.529636
-1.19584	0.205693	0.704254
-1.19231	0.212579	0.704071
-1.188	0.221001	0.703845
-1.18685	0.223254	0.703784
-1.18675	0.223453	0.703775
-1.11716	0.363834	0.441449
-0.908227	0.588771	0.0209016
-0.79446	0.593852	0.00155436
-0.648056	0.534052	0.0157861
-0.455703	0.395196	0.0899421
-0.448015	0.332381	0.0876891
-0.412707	0.395406	0.119649
-0.25226	0.559198	0.142885
-0.130104	0.572431	0.0496685
-0.129826	0.572344	0.0493393
-0.129826	0.572344	0.0493393
-0.129826	0.572344	0.0493393
-0.12929	0.572414	0.0493057
0.122002	0.588565	0.0312119
0.38864	0.58473	0.00706888
0.498197	0.589771	0.0157866
0.581137	0.603685	0.307243
0.571896	0.609724	0.492563
0.572292	0.609857	0.492966
0.584042	0.602802	0.49673
0.705246	0.531113	0.536102
1.00407	0.359818	0.632267
1.23571	0.280092	0.696845
1.31757	0.350628	0.699858
1.39973	0.511078	0.685529
1.43406	0.578117	0.679543
1.43738	0.584592	0.678964
1.43748	0.584794	0.678941
1.57592	0.58919	0.426131
1.88878	0.583608	0.0318996
-1.86059	0.62215	0.270735
-1.86059	0.62215	0.270735
-1.86054	0.622116	0.27077
-1.8561	0.619455	0.273634
-1.69141	0.586264	0.344426
-1.21134	0.258731	0.661623
-1.18681	0.223337	0.703778
-1.18676	0.223429	0.70378
-1.18674	0.223457	0.703775
-1.18081	0.256044	0.655677
-1.03685	0.605351	0.142654
-0.904661	0.693849	0.0248198
-0.808936	0.694789	0.0333466
-0.688296	0.691076	0.0324237
-0.361045	0.635076	0.202899
-0.304261	0.613874	0.242499
-0.300785	0.61863	0.244275
-0.277767	0.622839	0.228421
-0.169223	0.587154	0.0984298
-0.130086	0.572456	0.0496872
-0.129827	0.572348	0.0493467
-0.129521	0.572844	0.0499529
-0.0774376	0.650827	0.152515
0.119867	0.822902	0.33572
0.331854	0.74757	0.11673
0.495384	0.700315	0.034129
0.575193	0.632151	0.398063
0.562869	0.630238	0.499175
0.557042	0.643237	0.50326
0.563246	0.63001	0.499293
0.57466	0.611702	0.495636
0.604867	0.600791	0.499889
1.00149	0.651413	0.551096
1.44342	0.598599	0.662748
1.43622	0.582327	0.679164
1.43738	0.584592	0.678963
1.43748	0.584792	0.678944
1.45165	0.610517	0.65783
1.70289	0.718097	0.196867
1.89528	0.700685	0.00722774
-1.86059	0.62215	0.270735
-1.86059	0.62215	0.270736
-1.86059	0.622148	0.270739
-1.86022	0.621936	0.270972
-1.77699	0.754777	0.295487
-1.56904	0.823904	0.374211
-1.28592	0.452679	0.464397
-1.2095	0.337073	0.565808
-1.19166	0.438476	0.441416
-1.11563	0.683252	0.14891
-1.00241	0.750436	0.146831
-0.959769	0.67278	0.434262
-0.956704	0.637233	0.556339
-0.880453	0.671162	0.436918
-0.522804	0.676186	0.264962
-0.306057	0.633491	0.261238
-0.293893	0.634026	0.25352
-0.291839	0.633757	0.251566
-0.273158	0.629555	0.23312
-0.185179	0.645621	0.210034
-0.0574151	0.724861	0.272836
-0.0164498	0.793746	0.371526
0.0404813	0.904921	0.533309
0.0597611	0.942567	0.588089
0.0849317	0.935936	0.552136
0.411932	0.831723	0.1383
0.515589	0.806603	0.390939
0.373706	1.05129	0.631251
0.317242	1.17704	0.670698
0.373735	1.05129	0.631255
0.510254	0.74822	0.536161
0.597729	0.632166	0.494608
1.26512	0.870827	0.478712
1.59169	0.885958	0.46681
1.51037	0.727137	0.578699
1.47645	0.66089	0.625362
1.51039	0.727175	0.578689
1.59182	0.886179	0.466723
1.68935	0.892992	0.265322
1.89192	0.804618	0.0123517
-1.86059	0.622153	0.270735
-1.86059	0.62215	0.270736
-1.86059	0.622153	0.270737
-1.84729	0.6481	0.273901
-1.70781	0.919666	0.307194
-1.66742	0.988149	0.318448
-1.55628	0.938168	0.21155
-1.30474	0.870255	0.0424733
-1.19845	0.878285	0.0252358
-1.08003	0.836465	0.140852
-0.99594	0.618692	0.645374
-0.99567	0.598264	0.692487
-0.995447	0.597778	0.692648
-0.995257	0.59736	0.692778
-0.96399	0.614477	0.649014
-0.442383	0.641757	0.327857
-0.297934	0.634351	0.25654
-0.293121	0.634723	0.253768
-0.281749	0.644003	0.263407
-0.0667757	0.834943	0.46927
0.0566603	0.936517	0.579289
0.058584	0.940272	0.584752
0.0609123	0.944819	0.591368
0.0615309	0.946027	0.593126
0.0615867	0.946131	0.593276
0.207927	0.95897	0.424382
0.271241	1.27633	0.67047
0.252938	1.31992	0.715518
0.252998	1.32005	0.715559
0.253001	1.32004	0.715558
0.275729	1.26956	0.699713
0.559516	0.77986	0.543923
1.43817	0.950134	0.467691
1.62755	0.956189	0.417469
1.6234	0.947852	0.4233
1.61992	0.941054	0.428086
1.6234	0.947852	0.423299
1.62765	0.956164	0.417447
1.66361	0.95062	0.332221
1.88507	0.914538	0.0209056
-1.81306	0.76476	0.263845
-1.8226	0.696373	0.279766
-1.79159	0.756933	0.287134
-1.71169	0.913023	0.306125
-1.67405	0.986543	0.315071
-1.66937	0.995556	0.316199
-1.61535	0.9987	0.253058
-1.31834	1.00167	0.0160837
-1.19498	0.990262	0.0240589
-1.04108	0.764707	0.439601
-1.01282	0.63646	0.680271
-1.00866	0.627191	0.683239
-0.9999	0.607691	0.689477
-0.995965	0.598931	0.692279
-0.99526	0.597368	0.692777
-0.791538	0.720915	0.466305
-0.266853	0.766174	0.357473
-0.257378	0.704687	0.324941
-0.210743	0.774557	0.396961
0.0220623	0.941673	0.584245
0.0615309	0.946027	0.593127
0.0615527	0.946069	0.593189
0.0615789	0.94612	0.593263
0.0615857	0.946134	0.593282
0.0615863	0.946135	0.593284
0.117976	0.996522	0.56422
0.24387	1.30221	0.709722
0.252895	1.31984	0.715494
0.252998	1.32005	0.71556
0.252998	1.32005	0.71556
0.253001	1.32004	0.715558
0.439608	1.16135	0.691926
1.26831	0.974684	0.530548
1.62843	0.958678	0.415858
1.62883	0.958467	0.415826
1.62879	0.958388	0.415881
1.62883	0.958466	0.415826
1.62888	0.958561	0.415757
1.70002	1.07466	0.272634
1.84446	1.19822	0.0412235
-1.79627	1.02285	0.198905
-1.67959	0.975732	0.313749
-1.67715	0.980491	0.314331
-1.67197	0.990609	0.315563
-1.66963	0.995181	0.316118
-1.66921	0.996005	0.316217
-1.58531	1.09811	0.207969
-1.34295	1.14965	0.0264255
-1.21631	1.12424	0.122222
-1.19842	1.07714	0.509798
-1.25277	1.17061	0.509408
-1.20128	1.05599	0.546073
-1.06704	0.75716	0.641664
-1.00343	0.615547	0.686964
-0.995596	0.598109	0.692542
-0.90789	0.691595	0.590119
-0.258956	1.01074	0.410702
-0.113048	0.987451	0.611848
-0.102677	0.990581	0.615869
0.00312129	0.96613	0.605304
0.0615852	0.946135	0.593285
0.0615862	0.946135	0.593285
0.0615863	0.946135	0.593284
0.0615863	0.946135	0.593284
0.0615884	0.946136	0.593281
0.1511	1.07827	0.593449
0.247407	1.30913	0.711988
0.252935	1.31992	0.71552
0.252998	1.32005	0.715561
0.252999	1.32005	0.71556
0.253003	1.32005	0.715556
0.356297	1.25136	0.713227
0.899311	0.994271	0.654795
1.57862	0.965288	0.42106
1.62872	0.958968	0.415543
1.62879	0.958814	0.415624
1.62887	0.958639	0.415712
1.64264	0.985424	0.389403
1.78321	1.25984	0.120069
1.81918	1.33007	0.0511456
-1.93544	1.16027	0.0617707
-1.68568	1.01038	0.293694
-1.66948	0.995581	0.316139
-1.66932	0.995789	0.31619
-1.66921	0.996007	0.316216
-1.65557	1.02261	0.297206
-1.51378	1.29702	0.102788
-1.43582	1.34523	0.128608
-1.30858	1.30049	0.436275
-1.31431	1.30759	0.465587
-1.31431	1.3076	0.465587
-1.31431	1.30759	0.465589
-1.29319	1.26058	0.480626
-1.06108	0.743875	0.645913
-0.997649	0.602685	0.691079
-0.890917	0.781537	0.661388
-0.423425	1.17397	0.264431
-0.124807	1.02689	0.591358
-0.0999094	1.00729	0.631974
-0.0649035	0.994188	0.623851
0.0509702	0.950185	0.595867
0.0615855	0.946135	0.593285
0.0615864	0.946135	0.593284
0.0615878	0.946136	0.59328
0.08528	0.970352	0.561057
0.274781	1.34917	0.634179
0.251738	1.31758	0.714752
0.252984	1.32002	0.715551
0.252999	1.32005	0.71556
0.253012	1.32005	0.715552
0.253177	1.3201	0.715448
0.4464	1.19525	0.711874
0.780174	1.02259	0.694256
1.14497	1.19648	0.434955
1.52953	1.08162	0.256667
1.63334	1.04244	0.329454
1.69908	1.10419	0.274962
1.78296	1.26006	0.120032
1.81705	1.32593	0.0552111
1.82033	1.3323	0.0489566
-1.99373	1.31416	0.00763489
-1.8495	1.25576	0.0623659
-1.64611	1.13097	0.206787
-1.63088	1.07157	0.262188
-1.59681	1.1374	0.214847
-1.51503	1.29696	0.100515
-1.47613	1.36179	0.0648087
-1.37502	1.33161	0.308374
-1.31431	1.3076	0.465583
-1.31431	1.3076	0.465586
-1.31431	1.3076	0.465586
-1.31431	1.3076	0.465587
-1.31431	1.30759	0.465588
-1.19498	1.04201	0.550527
-0.992095	0.642914	0.687291
-0.811398	0.956755	0.705727
-0.6096	1.3203	0.655892
-0.333637	1.27332	0.247731
-0.14286	1.12221	0.400364
-0.0973937	1.0631	0.510782
-0.0377696	1.08173	0.437686
0.0610579	1.0562	0.419334
0.0878911	1.01507	0.478302
0.152339	1.08282	0.37735
0.354625	1.42482	0.400874
0.40104	1.60895	0.5969
0.266507	1.34641	0.705024
0.252999	1.32005	0.715558
0.253003	1.32005	0.715557
0.253165	1.3201	0.715454
0.278668	1.33031	0.7069
0.727835	1.18806	0.667676
0.994023	1.36247	0.524212
1.20121	1.54296	0.222817
1.32959	1.59202	0.0477763
1.47807	1.53085	0.0520516
1.71764	1.3886	0.0573903
1.81032	1.33597	0.0511137
1.82006	1.33248	0.0489579
1.82042	1.3325	0.0487665
-1.99054	1.64492	0.0388946
-1.94711	1.58928	0.0318755
-1.63444	1.43184	0.046614
-1.49569	1.35846	0.0605551
-1.48358	1.35923	0.0558565
-1.47875	1.36754	0.0500772
-1.46456	1.37159	0.0680337
-1.33401	1.33144	0.38207
-1.31431	1.3076	0.465586
-1.31431	1.3076	0.465586
-1.31431	1.3076	0.465586
-1.31431	1.3076	0.465586
-1.31431	1.3076	0.465586
-1.23687	1.19296	0.512032
-0.865257	0.914684	0.696024
-0.737153	1.10203	0.706498
-0.618177	1.33364	0.69971
-0.522954	1.43982	0.566026
-0.2515	1.44973	0.139523
-0.105708	1.38666	0.0404254
-0.00271096	1.38529	0.0232765
0.0975548	1.38393	0.0217884
0.193345	1.37823	0.0290025
0.299594	1.40008	0.0431723
0.432874	1.62912	0.453256
0.440948	1.68684	0.570867
0.407193	1.62097	0.596969
0.325465	1.46147	0.659827
0.291581	1.39531	0.68589
0.326199	1.46163	0.659372
0.501474	1.56438	0.599516
1.00193	1.43028	0.501269
1.28524	1.64723	0.0894213
1.30991	1.66893	0.049245
1.30992	1.66894	0.0492418
1.30992	1.66893	0.0492415
1.3475	1.64416	0.0492149
1.72208	1.39728	0.0488743
1.81714	1.33466	0.0487658
1.82039	1.33252	0.0487602
-1.98828	1.70629	0.0485827
-1.98828	1.70629	0.0485823
-1.96108	1.68612	0.0472466
-1.57767	1.43547	0.0483103
-1.48115	1.37196	0.0481918
-1.47561	1.37172	0.0482632
-1.41002	1.42336	0.0603785
-1.25354	1.43853	0.308482
-1.31431	1.3076	0.465583
-1.31431	1.3076	0.465586
-1.31431	1.3076	0.465586
-1.31431	1.3076	0.465586
-1.31431	1.30759	0.465586
-1.1262	1.17939	0.554455
-0.8076	1.00339	0.702845
-0.650439	1.2711	0.701635
-0.613653	1.34248	0.699443
-0.574138	1.41961	0.670014
-0.415002	1.68631	0.522067
-0.162816	1.54235	0.108356
-0.00277595	1.50121	0.00387985
0.0999343	1.49979	0.000295054
0.200001	1.49976	0.000512155
0.304062	1.50537	0.0164751
0.427506	1.6198	0.351389
0.444428	1.69363	0.568331
0.443283	1.6914	0.569218
0.438995	1.68303	0.572515
0.435518	1.67619	0.575194
0.440246	1.68301	0.571767
0.664855	1.56815	0.569856
1.17675	1.56021	0.257562
1.30991	1.66893	0.0492474
1.30992	1.66894	0.0492427
1.30992	1.66894	0.0492419
1.30992	1.66894	0.0492416
1.30992	1.66893	0.0492416
1.50556	1.54001	0.0490568
1.80586	1.3421	0.0487734
1.82027	1.33261	0.0487593
-1.98828	1.70629	0.0485835
-1.98828	1.70629	0.0485831
-1.98828	1.70629	0.0485823
-1.80207	1.58595	0.0470382
-1.49247	1.37971	0.0481147
-1.46835	1.37835	0.0481561
-1.26674	1.55376	0.0513791
-1.16033	1.6083	0.13047
-1.30082	1.33393	0.436234
-1.31431	1.3076	0.465583
-1.31431	1.3076	0.465586
-1.31431	1.3076	0.465583
-1.29127	1.31689	0.453902
-0.858648	1.1678	0.638464
-0.655063	1.27221	0.699267
-0.615864	1.3383	0.699539
-0.612487	1.34475	0.69937
-0.54026	1.48575	0.644035
-0.426413	1.708	0.556697
-0.299641	1.67381	0.343678
-0.0121777	1.60344	0.0159862
0.0998301	1.60004	0.000181447
0.200016	1.60001	4.30518e-005
0.300934	1.60061	0.00367552
0.40861	1.61814	0.109869
0.448571	1.687	0.526875
0.44452	1.69381	0.568263
0.44447	1.69372	0.568304
0.444453	1.69364	0.568321
0.487898	1.67951	0.556145
0.910383	1.49328	0.497531
1.25323	1.6355	0.120824
1.30992	1.66894	0.0492427
1.30992	1.66894	0.0492423
1.30992	1.66894	0.0492418
1.30992	1.66894	0.0492416
1.30992	1.66894	0.0492416
1.40542	1.62079	0.0453079
1.79264	1.40045	0.0392548
1.85057	1.43493	0.0301215
-1.98828	1.70629	0.0485842
-1.98828	1.70629	0.0485835
-1.98828	1.70629	0.0485827
-1.92205	1.69239	0.0406976
-1.5467	1.5073	0.0304419
-1.46682	1.44941	0.0385775
-1.19597	1.63984	0.044868
-1.12629	1.67477	0.0563946
-1.16032	1.6083	0.13047
-1.24213	1.44854	0.30851
-1.27599	1.38243	0.382184
-1.24213	1.44854	0.30851
-1.07498	1.55075	0.235991
-0.656038	1.35128	0.662397
-0.614621	1.34287	0.698555
-0.612503	1.34476	0.699354
-0.598942	1.37119	0.689049
-0.458346	1.64566	0.581197
-0.422106	1.71641	0.553395
-0.356344	1.71504	0.441353
-0.0198875	1.70089	0.0261054
0.09972	1.70001	0.00029701
0.2	1.7	4.57797e-006
0.300077	1.7	0.000302541
0.400778	1.69989	0.00993357
0.489277	1.69881	0.109869
0.503986	1.69619	0.351379
0.501061	1.69536	0.452719
0.685666	1.70483	0.367533
1.00642	1.71533	0.162214
1.1309	1.71197	0.0831554
1.24554	1.68853	0.0553171
1.30991	1.66894	0.0492419
1.30992	1.66894	0.0492418
1.30992	1.66894	0.0492416
1.30992	1.66894	0.0492416
1.30992	1.66894	0.0492412
1.46072	1.67681	0.0309054
1.78694	1.68244	0.00361792
1.89754	1.68948	0.00140981
-1.98828	1.70629	0.0485835
-1.98828	1.70629	0.0485831
-1.98828	1.70629	0.0485822
-1.87904	1.74059	0.0303791
-1.60776	1.78542	0.00274631
-1.48899	1.77742	0.00350159
-1.23587	1.72443	0.0297528
-1.123	1.68119	0.0492457
-1.12415	1.67894	0.0517495
-1.12845	1.67054	0.0611077
-1.13197	1.66368	0.06876
-1.12845	1.67054	0.0611073
-0.977331	1.6898	0.0920187
-0.596064	1.50232	0.550542
-0.5744	1.41973	0.669729
-0.540264	1.48575	0.644031
-0.458346	1.64566	0.581197
-0.424245	1.71224	0.555037
-0.420952	1.71866	0.552507
-0.299541	1.74954	0.343563
-0.0121769	1.79765	0.015984
0.0998301	1.79997	0.000180155
0.199999	1.8	8.3789e-007
0.300002	1.8	9.13932e-006
0.400024	1.79994	0.000302538
0.499642	1.79931	0.00367479
0.595718	1.79694	0.0163001
0.70039	1.79313	0.0279336
0.999442	1.75537	0.0454571
1.14187	1.73095	0.0516943
1.14706	1.73068	0.0487361
1.17797	1.71917	0.0485157
1.29789	1.67352	0.049164
1.30991	1.66894	0.0492416
1.30992	1.66894	0.0492416
1.30992	1.66894	0.0492412
1.33126	1.67858	0.0456174
1.62489	1.77463	0.00949745
1.79685	1.79891	0.000342835
1.89993	1.79984	1.92465e-005
-1.98828	1.70629	0.0485827
-1.98828	1.70629	0.0485822
-1.97501	1.71994	0.0451593
-1.75635	1.86209	0.00950179
-1.60247	1.89855	0.000336657
-1.49773	1.89838	0.000326661
-1.34935	1.85989	0.00897607
-1.138	1.70002	0.0448451
-1.12291	1.68136	0.0490515
-1.12296	1.68126	0.0491581
-1.123	1.68119	0.0492457
-1.10397	1.69985	0.0450202
-0.856239	1.85593	0.0156956
-0.647574	1.84852	0.124464
-0.442105	1.71337	0.522015
-0.426416	1.708	0.556697
-0.422106	1.71641	0.553395
-0.420953	1.71866	0.552507
-0.405178	1.73171	0.513224
-0.162579	1.86467	0.107746
-0.00274807	1.89882	0.00360728
0.0999621	1.89999	4.02031e-005
0.2	1.9	1.65434e-007
0.3	1.9	1.01764e-007
0.4	1.9	3.3618e-006
0.499996	1.89999	4.09679e-005
0.59999	1.89992	0.00018703
0.702786	1.89879	0.000617619
0.867604	1.86696	0.00959376
1.12904	1.7432	0.0447893
1.14654	1.73128	0.0481477
1.14931	1.73023	0.0481632
1.17795	1.7193	0.0483546
1.25142	1.6974	0.0475207
1.31825	1.70967	0.0410518
1.38187	1.75706	0.0304918
1.5441	1.85548	0.00948756
1.69321	1.89598	0.000857276
1.79974	1.89988	2.62119e-005
1.9	1.9	3.54316e-007
