-1.81725	-1.7705	0.0521725
-1.81716	-1.77054	0.0521739
-1.80864	-1.77378	0.05223
-1.68087	-1.82245	0.0530831
-1.6452	-1.83604	0.053322
-1.51769	-1.88474	0.0541797
-1.49046	-1.89514	0.0543629
-1.49046	-1.89514	0.0543637
-1.49046	-1.89514	0.0543645
-1.49046	-1.89514	0.0543637
-1.49046	-1.89514	0.0543629
-1.45856	-1.83282	0.0543321
-1.30913	-1.54091	0.0541891
-1.27383	-1.53815	0.054156
-0.899889	-1.78431	0.0538074
-0.792197	-1.85529	0.053708
-0.787939	-1.85777	0.0539287
-0.743004	-1.85909	0.0734289
-0.0490158	-1.87694	0.37964
0.0768456	-1.88269	0.42955
0.0768456	-1.88269	0.42955
0.0768456	-1.88269	0.42955
0.0768456	-1.88269	0.42955
0.0768456	-1.88269	0.429551
0.107765	-1.82233	0.471627
0.256838	-1.53131	0.674494
0.268136	-1.50925	0.689869
0.268375	-1.50878	0.690194
0.26838	-1.50877	0.6902
0.352244	-1.56404	0.585604
0.751811	-1.82736	0.0872665
0.778798	-1.84482	0.0540734
0.785886	-1.83907	0.0601858
0.855316	-1.77815	0.126698
1.04089	-1.63211	0.278722
1.15982	-1.57002	0.336586
1.20943	-1.61045	0.278332
1.42879	-1.75747	0.126333
1.58085	-1.84322	0.0602561
1.6173	-1.85985	0.0539479
-1.81725	-1.7705	0.0521721
-1.8172	-1.77052	0.0521729
-1.81197	-1.77251	0.0522073
-1.70878	-1.8118	0.0528965
-1.64853	-1.83477	0.0532995
-1.54557	-1.87409	0.0539922
-1.49046	-1.89514	0.0543628
-1.49046	-1.89514	0.0543633
-1.49046	-1.89514	0.0543637
-1.49046	-1.89514	0.0543633
-1.49046	-1.89514	0.0543628
-1.42588	-1.76898	0.0543009
-1.30523	-1.53329	0.0541854
-1.29912	-1.52136	0.0541796
-1.12979	-1.63279	0.0540223
-0.805159	-1.84675	0.0537211
-0.78829	-1.85767	0.0538414
-0.760581	-1.85858	0.0657956
-0.184579	-1.83775	0.369312
0.0768447	-1.88269	0.42955
0.0768456	-1.88269	0.42955
0.0768454	-1.88269	0.42955
0.0768453	-1.88268	0.429551
0.0768456	-1.88268	0.429552
0.137752	-1.76378	0.512437
0.25971	-1.5257	0.678402
0.268098	-1.50933	0.689816
0.268373	-1.50879	0.690191
0.26838	-1.50877	0.690199
0.439118	-1.62129	0.477254
0.76232	-1.83424	0.0742189
0.781297	-1.84282	0.0561971
0.855317	-1.77814	0.1267
1.11532	-1.54998	0.375784
1.13376	-1.5338	0.393452
1.13376	-1.5338	0.393453
1.13376	-1.5338	0.393452
1.15987	-1.55112	0.375803
1.53433	-1.79778	0.127042
1.64055	-1.86778	0.0564005
-1.81726	-1.7705	0.0521715
-1.81724	-1.77051	0.0521717
-1.81606	-1.77095	0.0521795
-1.7746	-1.76949	0.0523966
-1.65294	-1.81487	0.0532101
-1.61864	-1.84618	0.0535005
-1.49896	-1.89188	0.0543055
-1.49046	-1.89514	0.0543628
-1.49046	-1.89514	0.0543629
-1.49046	-1.89514	0.0543628
-1.4805	-1.87567	0.0543531
-1.34025	-1.60171	0.0542191
-1.30045	-1.52395	0.0541812
-1.29907	-1.52126	0.0541797
-1.21655	-1.57555	0.0541634
-0.815902	-1.83949	0.0539459
-0.788685	-1.85752	0.0537879
-0.772558	-1.83926	0.0869941
-0.486036	-1.63525	0.506786
0.0413524	-1.86189	0.441643
0.0768338	-1.8826	0.429552
0.0767978	-1.88228	0.429559
0.0767667	-1.88202	0.429566
0.0800517	-1.86173	0.443012
0.215801	-1.59753	0.627389
0.265424	-1.51453	0.686181
0.268235	-1.50906	0.690003
0.268376	-1.50878	0.690194
0.287917	-1.52343	0.672419
0.661809	-1.76982	0.205641
0.775271	-1.84262	0.0582886
0.790315	-1.83513	0.0645159
1.01413	-1.63878	0.278846
1.13376	-1.5338	0.393452
1.13376	-1.5338	0.393453
1.13376	-1.5338	0.393453
1.13376	-1.5338	0.393453
1.13376	-1.5338	0.393452
1.30589	-1.64723	0.278977
1.62779	-1.85937	0.0648856
-1.87221	-1.74946	0.0518022
-1.84247	-1.75846	0.051994
-1.79272	-1.67985	0.0520072
-1.66663	-1.4842	0.0520528
-1.62764	-1.4989	0.0523132
-1.5961	-1.7072	0.0531684
-1.59357	-1.79733	0.0534776
-1.5206	-1.82955	0.0539826
-1.46986	-1.83383	0.0542739
-1.42588	-1.76898	0.0543009
-1.34025	-1.60171	0.0542191
-1.30282	-1.52859	0.054184
-1.29917	-1.52145	0.0541811
-1.29905	-1.52123	0.0541805
-1.13499	-1.60839	0.0841218
-0.782003	-1.77922	0.155761
-0.73014	-1.73352	0.252496
-0.643233	-1.57439	0.516757
-0.58894	-1.50178	0.643643
-0.452304	-1.56937	0.613573
-0.150482	-1.74058	0.50875
-0.00622404	-1.78276	0.468569
0.0544616	-1.68296	0.518145
0.0789112	-1.51388	0.639481
0.168749	-1.49857	0.676832
0.304666	-1.55488	0.650833
0.314489	-1.54846	0.654432
0.375248	-1.59667	0.608293
0.501791	-1.70861	0.505831
0.555731	-1.75479	0.411979
0.712532	-1.78894	0.209502
0.823411	-1.77455	0.147149
1.08534	-1.56494	0.365066
1.13376	-1.5338	0.393453
1.13376	-1.5338	0.393453
1.13376	-1.5338	0.393453
1.13376	-1.5338	0.393453
1.13376	-1.5338	0.393453
1.21875	-1.58981	0.336928
1.61739	-1.85251	0.0718074
-1.9751	-1.7096	0.0511113
-1.95418	-1.69557	0.0511781
-1.68853	-1.45834	0.0518484
-1.62708	-1.3996	0.0519908
-1.62072	-1.40203	0.0520335
-1.52095	-1.4513	0.0527412
-1.47259	-1.48171	0.0531056
-1.46806	-1.48509	0.0531416
-1.43112	-1.49683	0.0533815
-1.31307	-1.53031	0.0541333
-1.30045	-1.52395	0.0541812
-1.29917	-1.52145	0.0541811
-1.29905	-1.52123	0.0541822
-1.28094	-1.51206	0.0805246
-1.0735	-1.29834	0.5124
-0.941055	-1.27546	0.645479
-0.71561	-1.42336	0.64375
-0.610123	-1.48275	0.655612
-0.597038	-1.48439	0.663022
-0.581168	-1.47288	0.658733
-0.459507	-1.34258	0.612443
-0.192195	-1.02402	0.521557
-0.0501205	-0.883608	0.492826
0.0180549	-0.929401	0.530559
0.210611	-1.09259	0.625068
0.317509	-1.27538	0.644453
0.414525	-1.56114	0.584184
0.451411	-1.67409	0.556997
0.456952	-1.7015	0.548747
0.475201	-1.71007	0.540654
0.798404	-1.56625	0.535319
0.964421	-1.49546	0.527833
1.07691	-1.51723	0.444442
1.13376	-1.5338	0.393454
1.13376	-1.5338	0.393454
1.13376	-1.5338	0.393454
1.13376	-1.5338	0.393453
1.13376	-1.5338	0.393452
1.30588	-1.64721	0.278994
1.62779	-1.85937	0.0648892
-1.98	-1.67712	0.0512051
-1.9691	-1.67942	0.0511828
-1.74151	-1.48889	0.051691
-1.62593	-1.39646	0.0519894
-1.62452	-1.39708	0.0519967
-1.59008	-1.41036	0.0522291
-1.4706	-1.45614	0.053033
-1.46237	-1.4593	0.0530884
-1.45915	-1.46051	0.0531109
-1.42665	-1.47273	0.0533681
-1.34976	-1.49419	0.0636144
-1.29496	-1.4723	0.122162
-1.24152	-1.4064	0.242341
-1.15484	-1.23978	0.515812
-1.11289	-1.15792	0.65008
-1.10776	-1.14792	0.666494
-1.08247	-1.16399	0.667097
-0.708865	-1.41036	0.664942
-0.596696	-1.47631	0.663115
-0.476396	-1.33258	0.618324
-0.0768063	-0.831293	0.46451
-0.0507223	-0.798548	0.454468
-0.0507218	-0.798547	0.454468
-0.0507214	-0.798548	0.454468
-0.0340083	-0.811695	0.465344
0.24757	-1.02279	0.636602
0.40484	-1.12238	0.697837
0.453001	-1.20564	0.690014
0.45729	-1.32544	0.657909
0.482936	-1.57497	0.585852
0.893373	-1.49095	0.567233
0.971124	-1.47221	0.561442
1.00717	-1.48566	0.524813
1.12579	-1.53075	0.40175
1.13376	-1.5338	0.393455
1.13376	-1.5338	0.393454
1.13376	-1.5338	0.393453
1.16015	-1.54917	0.376698
1.53247	-1.79365	0.130019
1.64036	-1.86735	0.0567113
-1.96866	-1.20619	0.0531366
-1.94986	-1.27033	0.0527051
-1.82352	-1.34297	0.0516781
-1.64093	-1.38837	0.0519744
-1.62583	-1.39646	0.0519902
-1.62245	-1.39784	0.0520116
-1.58996	-1.41022	0.0522683
-1.51221	-1.43183	0.0621499
-1.45757	-1.40347	0.120673
-1.40432	-1.34293	0.229811
-1.3109	-1.18836	0.476559
-1.17157	-1.15424	0.612457
-1.1163	-1.16458	0.639159
-1.1105	-1.15325	0.657743
-1.10798	-1.14835	0.665784
-1.10755	-1.1475	0.667177
-1.10751	-1.14744	0.667278
-0.938561	-1.25835	0.666371
-0.594977	-1.45032	0.657885
-0.229353	-1.02261	0.523322
-0.0507939	-0.798688	0.454562
-0.0507377	-0.798578	0.454489
-0.0507231	-0.79855	0.454469
-0.0507218	-0.798547	0.454468
-0.0507213	-0.798548	0.454468
0.112214	-0.906634	0.537332
0.441935	-1.12321	0.702517
0.459512	-1.13478	0.711361
0.459782	-1.13497	0.711504
0.466891	-1.15434	0.706815
0.813369	-1.38142	0.619172
0.966701	-1.46899	0.564303
0.97501	-1.47294	0.558718
1.01559	-1.48195	0.521944
1.10661	-1.49257	0.447349
1.1472	-1.49054	0.419947
1.21208	-1.42567	0.431565
1.40554	-1.3505	0.395022
1.61453	-1.61687	0.169983
1.66808	-1.79554	0.0646323
-1.9729	-1.12253	0.053563
-1.9729	-1.12253	0.053563
-1.96333	-1.13363	0.0534268
-1.80107	-1.29909	0.05185
-1.676	-1.36853	0.0606304
-1.60447	-1.34536	0.119764
-1.56458	-1.28021	0.211705
-1.47386	-1.12543	0.430266
-1.33444	-1.09205	0.568166
-1.27965	-1.10227	0.601282
-1.26499	-1.09411	0.621033
-1.13403	-1.13804	0.659919
-1.1078	-1.14799	0.666373
-1.10766	-1.14772	0.666817
-1.10755	-1.14749	0.667185
-1.1075	-1.14744	0.667274
-1.10698	-1.14745	0.667305
-1.02763	-1.19774	0.666677
-0.603261	-1.41041	0.653595
-0.144921	-0.910638	0.49645
-0.0570526	-0.81091	0.462821
-0.0521529	-0.801342	0.456356
-0.0508396	-0.798778	0.454623
-0.0507253	-0.798554	0.454473
-0.0507218	-0.798547	0.454469
0.0270361	-0.849751	0.493581
0.427805	-1.1133	0.694812
0.458659	-1.13349	0.710213
0.459538	-1.13444	0.711016
0.459742	-1.13487	0.711416
0.585496	-1.22936	0.68569
0.94559	-1.45676	0.5726
0.973014	-1.46889	0.563108
1.04893	-1.40552	0.561256
1.2996	-1.19173	0.557621
1.3136	-1.18249	0.555162
1.31866	-1.17262	0.559703
1.32375	-1.16267	0.564283
1.34975	-1.17638	0.540773
1.70373	-1.40849	0.188025
-1.9729	-1.12253	0.0535631
-1.9729	-1.12253	0.0535632
-1.9729	-1.12253	0.0535633
-1.91118	-1.19321	0.0527748
-1.77924	-1.31933	0.0667704
-1.55332	-1.13525	0.379472
-1.44295	-1.03987	0.53942
-1.42824	-1.03185	0.55849
-1.29702	-1.07584	0.616482
-1.27097	-1.08544	0.626861
-1.26306	-1.08516	0.62913
-1.1572	-1.12365	0.65512
-1.10752	-1.14745	0.66726
-1.10752	-1.14744	0.667269
-1.10751	-1.14744	0.667279
-1.10698	-1.14745	0.667305
-1.09004	-1.14794	0.668083
-0.824954	-1.22259	0.673163
-0.370362	-1.20153	0.67267
-0.222145	-1.11252	0.665274
-0.179314	-1.04966	0.624146
-0.0928437	-0.880803	0.510048
-0.054587	-0.806095	0.459568
-0.0508396	-0.798778	0.454625
-0.0507226	-0.79855	0.454472
0.1026	-0.894217	0.526333
0.41732	-1.07746	0.660795
0.444282	-1.10165	0.680748
0.454779	-1.12385	0.70122
0.45901	-1.13324	0.709909
0.514781	-1.17532	0.701585
0.820656	-1.36642	0.637302
0.994151	-1.35535	0.595636
1.21625	-1.24264	0.570109
1.32489	-1.16044	0.565312
1.32493	-1.16036	0.565346
1.32508	-1.16008	0.565477
1.32516	-1.15992	0.565549
1.32517	-1.15989	0.565564
1.40638	-1.07477	0.548393
-1.9729	-1.12253	0.0535632
-1.9729	-1.12253	0.0535637
-1.9729	-1.12253	0.0535641
-1.94381	-1.14243	0.0590097
-1.75511	-1.16044	0.172815
-1.59977	-1.02589	0.409327
-1.44524	-1.0185	0.554556
-1.42658	-1.02256	0.565555
-1.31998	-1.06101	0.608323
-1.26382	-1.07852	0.629265
-1.19192	-1.01738	0.645316
-1.04941	-0.937874	0.677812
-1.10128	-1.13247	0.668528
-1.10752	-1.14743	0.667283
-1.10744	-1.14744	0.667285
-1.10105	-1.14762	0.667578
-0.903344	-1.16297	0.675728
-0.269459	-1.18003	0.704556
-0.242134	-1.17234	0.707037
-0.242134	-1.17234	0.707037
-0.242134	-1.17234	0.707037
-0.232889	-1.15428	0.694838
-0.0928437	-0.880803	0.510048
-0.052153	-0.801342	0.456357
-0.0368345	-0.803291	0.456999
0.170539	-0.690627	0.313813
0.1855	-0.536905	0.158841
0.238383	-0.642712	0.255958
0.380154	-0.957718	0.54746
0.450755	-1.11487	0.692901
0.538858	-1.0811	0.68666
0.672741	-0.872027	0.637676
0.827533	-0.907126	0.637008
1.27904	-1.14074	0.579723
1.32517	-1.1599	0.56556
1.32517	-1.15989	0.565562
1.32517	-1.15989	0.565565
1.32517	-1.15989	0.565565
1.32517	-1.15989	0.565565
1.35631	-1.09909	0.572032
-1.9729	-1.12253	0.0535633
-1.9729	-1.12253	0.0535641
-1.9729	-1.12253	0.0535651
-1.91049	-1.02322	0.132373
-1.76705	-0.798946	0.340761
-1.71919	-0.821313	0.381744
-1.60073	-0.917906	0.454581
-1.40625	-0.91957	0.569049
-1.22972	-0.850164	0.656046
-1.19584	-0.986171	0.649041
-0.936907	-0.786366	0.702999
-0.921796	-0.783947	0.705718
-0.963532	-0.866237	0.697035
-1.04815	-1.0315	0.679549
-1.07797	-1.09335	0.672942
-0.981621	-1.15989	0.669627
-0.379942	-1.17652	0.698761
-0.242134	-1.17234	0.707037
-0.242134	-1.17234	0.707037
-0.242134	-1.17234	0.707038
-0.242134	-1.17234	0.707037
-0.242134	-1.17234	0.707037
-0.187637	-1.04631	0.621413
-0.0824576	-0.770512	0.423415
0.0908423	-0.527284	0.163265
0.135272	-0.435221	0.065418
0.140222	-0.42555	0.0550633
0.140661	-0.424694	0.0541473
0.154982	-0.456453	0.0835317
0.392743	-0.95666	0.556128
0.605167	-0.839706	0.644323
0.650098	-0.763979	0.632449
0.673785	-0.774403	0.629741
1.1113	-1.03387	0.587983
1.32517	-1.15989	0.565566
1.32517	-1.15989	0.565567
1.32517	-1.15989	0.565566
1.32517	-1.15989	0.565566
1.32517	-1.15989	0.565566
1.3888	-1.03563	0.578783
-1.9729	-1.12253	0.0535632
-1.9729	-1.12253	0.0535638
-1.96401	-1.10428	0.0670227
-1.82832	-0.840103	0.274392
-1.78423	-0.754208	0.341619
-1.77455	-0.742681	0.352805
-1.69222	-0.687138	0.43011
-1.36819	-0.534292	0.677137
-1.37082	-0.483772	0.703564
-1.27957	-0.552365	0.702253
-1.02729	-0.700413	0.70573
-0.926758	-0.767818	0.706637
-0.919399	-0.779259	0.706214
-0.924909	-0.790832	0.705014
-0.92744	-0.796836	0.704405
-0.736467	-0.9074	0.704205
-0.27169	-1.1607	0.706305
-0.242134	-1.17234	0.707037
-0.242134	-1.17234	0.707038
-0.242134	-1.17234	0.707039
-0.242134	-1.17234	0.707038
-0.242134	-1.17234	0.707037
-0.234478	-1.10187	0.65752
0.00812084	-0.570025	0.206754
0.138808	-0.428311	0.057928
0.140442	-0.425119	0.0546007
0.140658	-0.424698	0.0541502
0.140688	-0.424639	0.054088
0.140691	-0.424635	0.0540834
0.292471	-0.560271	0.24696
0.6303	-0.756968	0.613932
0.651084	-0.761214	0.631762
0.657047	-0.76446	0.631385
0.805245	-0.852166	0.616786
1.3014	-1.14633	0.569191
1.32517	-1.15988	0.565568
1.32517	-1.15988	0.565567
1.32517	-1.15989	0.565566
1.33474	-1.14121	0.567552
1.47489	-0.867528	0.596665
-1.96738	-1.05071	0.0549253
-1.92737	-0.990858	0.118157
-1.82483	-0.833287	0.27972
-1.78678	-0.758989	0.337822
-1.77933	-0.747221	0.347843
-1.70425	-0.680841	0.423362
-1.4444	-0.452695	0.683964
-1.42662	-0.437087	0.701793
-1.42662	-0.437086	0.701794
-1.42662	-0.437087	0.701794
-1.40107	-0.45393	0.702046
-1.02754	-0.70024	0.705729
-0.920096	-0.771388	0.706765
-0.916436	-0.774167	0.706774
-0.916099	-0.774273	0.706782
-0.81594	-0.838289	0.70612
-0.304945	-1.14576	0.705596
-0.242134	-1.17234	0.707037
-0.242134	-1.17234	0.707037
-0.242134	-1.17234	0.707038
-0.242134	-1.17234	0.707037
-0.242134	-1.17234	0.707037
-0.226606	-1.02371	0.601516
0.075177	-0.494359	0.12676
0.140525	-0.424958	0.0543727
0.140685	-0.424646	0.0540938
0.140689	-0.424636	0.0540839
0.14069	-0.424635	0.0540822
0.14069	-0.424635	0.054082
0.220995	-0.478124	0.145305
0.623475	-0.742999	0.600598
0.651021	-0.760875	0.631586
0.652192	-0.761576	0.631863
0.670244	-0.772184	0.630097
0.883468	-0.884399	0.620453
1.27681	-1.11374	0.59646
1.33984	-1.11077	0.575356
1.38827	-1.03657	0.578686
1.47479	-0.867709	0.596647
1.51276	-0.793565	0.604533
-1.93814	-0.712568	0.067047
-1.81396	-0.750998	0.28926
-1.7831	-0.751766	0.34346
-1.7816	-0.748981	0.345679
-1.76992	-0.738499	0.357503
-1.54466	-0.540718	0.583413
-1.42662	-0.437087	0.701793
-1.42662	-0.437086	0.701794
-1.42662	-0.437086	0.701794
-1.42662	-0.437086	0.701794
-1.42662	-0.437087	0.701794
-1.25823	-0.548034	0.703457
-0.933723	-0.761999	0.706659
-0.916378	-0.773478	0.706829
-0.916055	-0.773684	0.706832
-0.750216	-0.875154	0.702245
-0.386592	-1.10671	0.701142
-0.250076	-1.16924	0.706796
-0.242134	-1.17234	0.707037
-0.242134	-1.17234	0.707037
-0.242134	-1.17234	0.707037
-0.240732	-1.15028	0.691505
-0.163987	-0.732184	0.375473
0.0711763	-0.436792	0.0837571
0.140658	-0.424697	0.0541366
0.14069	-0.424635	0.0540822
0.14069	-0.424635	0.0540819
0.14069	-0.424635	0.0540819
0.140691	-0.424635	0.0540825
0.306565	-0.532537	0.241197
0.633962	-0.749011	0.612031
0.651094	-0.760814	0.631636
0.651765	-0.760714	0.631976
0.656967	-0.757008	0.632344
0.862067	-0.738409	0.651279
1.30548	-0.729034	0.679831
1.3753	-0.749637	0.663896
1.5003	-0.790681	0.608487
1.51495	-0.788483	0.605091
1.51646	-0.786312	0.605306
-1.93955	-0.688641	0.0617927
-1.83641	-0.727843	0.247197
-1.78151	-0.748661	0.345887
-1.78128	-0.74844	0.346129
-1.76257	-0.732013	0.364891
-1.4844	-0.48781	0.64385
-1.42662	-0.437086	0.701794
-1.42662	-0.437086	0.701794
-1.42662	-0.437086	0.701794
-1.42662	-0.437086	0.701794
-1.42662	-0.437086	0.701795
-1.34821	-0.486175	0.702621
-0.949532	-0.748089	0.706574
-0.916956	-0.772775	0.70683
-0.905185	-0.760471	0.697908
-0.68981	-0.653703	0.588093
-0.483094	-0.937342	0.650894
-0.376669	-1.10814	0.698838
-0.295914	-1.1516	0.705481
-0.268164	-1.16242	0.706325
-0.290206	-1.10352	0.672361
-0.129171	-0.610778	0.269094
-0.0321884	-0.391521	0.0777775
0.012327	-0.378653	0.055686
0.133235	-0.421382	0.0540453
0.14069	-0.424634	0.0540819
0.14069	-0.424635	0.0540819
0.14069	-0.424634	0.0540819
0.153454	-0.416068	0.0615443
0.486442	-0.54873	0.399039
0.638565	-0.738659	0.611431
0.650834	-0.758891	0.630533
0.662111	-0.747383	0.633357
0.776836	-0.600279	0.646705
1.11814	-0.299653	0.693399
1.21691	-0.175873	0.703897
1.25095	-0.28357	0.698825
1.40081	-0.548483	0.659243
1.53449	-0.687009	0.607787
1.53802	-0.733591	0.602592
-1.94363	-0.686818	0.0544385
-1.90944	-0.699716	0.115881
-1.78881	-0.743958	0.333058
-1.78136	-0.748504	0.346053
-1.76989	-0.738438	0.357552
-1.54466	-0.540714	0.583416
-1.42662	-0.437087	0.701793
-1.42662	-0.437086	0.701794
-1.42662	-0.437086	0.701794
-1.42662	-0.437086	0.701795
-1.42662	-0.437086	0.701795
-1.33677	-0.388122	0.703374
-0.985313	-0.564957	0.683145
-0.86211	-0.639238	0.637012
-0.767262	-0.482019	0.536461
-0.728566	-0.407322	0.492486
-0.70995	-0.432844	0.498096
-0.477325	-0.947766	0.653295
-0.402872	-1.10587	0.700712
-0.395822	-1.09401	0.689985
-0.370209	-0.775724	0.475139
-0.142288	-0.475209	0.17944
-0.0227535	-0.363091	0.053579
-0.0167579	-0.361407	0.0530591
0.0741778	-0.322802	0.053389
0.197625	-0.307479	0.0540095
0.170954	-0.365573	0.0540539
0.203254	-0.302537	0.0540241
0.289919	-0.133407	0.0539449
0.349282	-0.077102	0.0780027
0.619279	-0.491252	0.475521
0.680424	-0.685893	0.615531
0.818495	-0.516299	0.635183
1.17722	-0.0960554	0.701721
1.19761	-0.0757474	0.707542
1.19761	-0.0757469	0.707542
1.19761	-0.0757472	0.707542
1.22255	-0.0935162	0.700735
1.59081	-0.352694	0.599884
1.69286	-0.432198	0.571711
-1.9226	-0.622333	0.121428
-1.88155	-0.570534	0.212802
-1.78702	-0.476842	0.418184
-1.72655	-0.621291	0.440641
-1.74857	-0.687151	0.396428
-1.65693	-0.588459	0.498105
-1.437	-0.4384	0.695461
-1.42662	-0.437086	0.701794
-1.42662	-0.437086	0.701794
-1.42662	-0.437086	0.701794
-1.41761	-0.419494	0.702358
-1.28239	-0.155431	0.710818
-1.21457	-0.08594	0.703489
-0.842671	-0.335292	0.543605
-0.729959	-0.399996	0.49137
-0.724854	-0.399935	0.488199
-0.724693	-0.399744	0.48805
-0.630602	-0.60824	0.545943
-0.439021	-0.904162	0.584907
-0.345877	-0.672959	0.3875
-0.345855	-0.622293	0.359671
-0.250366	-0.50977	0.241256
-0.0321318	-0.36285	0.0567297
-0.0108351	-0.352136	0.0530204
0.214962	-0.15533	0.0536074
0.325863	-0.0632586	0.0539107
0.32185	-0.0710904	0.0539145
0.325863	-0.0632582	0.053911
0.330786	-0.0536503	0.0539073
0.332108	-0.0510754	0.0539083
0.483063	-0.14659	0.209045
0.812634	-0.35856	0.549162
1.07551	-0.182377	0.664549
1.19761	-0.0757474	0.707542
1.19761	-0.0757469	0.707542
1.19761	-0.0757469	0.707543
1.19761	-0.0757469	0.707542
1.19761	-0.0757475	0.707542
1.3686	-0.188679	0.660956
1.69131	-0.401722	0.573034
-1.79047	-0.325187	0.484515
-1.762	-0.32961	0.523719
-1.75106	-0.323286	0.540668
-1.64829	-0.368203	0.605407
-1.60157	-0.397506	0.630104
-1.59521	-0.392611	0.636005
-1.54752	-0.384673	0.658177
-1.40163	-0.346772	0.698581
-1.39551	-0.376337	0.70374
-1.36347	-0.313767	0.705745
-1.27891	-0.148631	0.711035
-1.24056	-0.07376	0.713434
-1.23567	-0.0642074	0.71374
-1.06819	-0.1735	0.639924
-0.741637	-0.388607	0.495546
-0.724885	-0.399608	0.48813
-0.724693	-0.399731	0.488044
-0.690843	-0.351251	0.423318
-0.488326	-0.130535	0.0910853
-0.309723	-0.239503	0.0662526
-0.203071	-0.314325	0.0713206
-0.186453	-0.310594	0.0635046
-0.0896828	-0.26158	0.0539279
0.0508138	-0.233752	0.0529742
0.280411	-0.0910799	0.0537539
0.332153	-0.0509841	0.0539049
0.332106	-0.051075	0.053905
0.332153	-0.0509841	0.0539051
0.332208	-0.0508751	0.0539055
0.332225	-0.0508465	0.0539076
0.370105	-0.010985	0.0673924
0.641949	0.0712031	0.243783
1.12751	-0.101471	0.667763
1.19761	-0.0757469	0.707542
1.19761	-0.0757469	0.707543
1.19761	-0.0757469	0.707543
1.19761	-0.0757469	0.707543
1.19761	-0.0757469	0.707542
1.28175	-0.131201	0.68462
1.68108	-0.394374	0.575839
-1.80865	-0.291936	0.476837
-1.75368	-0.312985	0.545357
-1.75233	-0.313224	0.54646
-1.71736	-0.326469	0.56852
-1.59796	-0.372226	0.643201
-1.59004	-0.375217	0.648019
-1.56991	-0.358766	0.652091
-1.2958	-0.123184	0.703361
-1.24544	-0.0832597	0.713127
-1.24159	-0.0757515	0.71337
-1.23683	-0.0664683	0.713668
-1.23545	-0.0637745	0.713754
-1.23524	-0.0633585	0.713767
-1.15431	-0.116567	0.678003
-0.752409	-0.38129	0.500314
-0.725034	-0.399465	0.488198
-0.724686	-0.399713	0.488037
-0.661375	-0.276398	0.344876
-0.536784	-0.0358604	0.0677095
-0.511212	-0.0263579	0.0535489
-0.263667	-0.209017	0.0524805
-0.176937	-0.268882	0.052139
0.0504234	-0.0896181	0.0525345
0.167846	-0.002268	0.0528492
0.275076	-0.0369365	0.0535468
0.332224	-0.050844	0.0539048
0.332224	-0.0508448	0.0539048
0.332224	-0.0508444	0.0539049
0.332224	-0.050844	0.053905
0.332226	-0.0508434	0.0539061
0.394949	0.0710564	0.054085
0.53909	0.297536	0.0749662
0.977157	0.046107	0.497295
1.19761	-0.0757472	0.707541
1.19761	-0.0757469	0.707542
1.19761	-0.0757469	0.707543
1.19761	-0.0757469	0.707542
1.19761	-0.0757475	0.707542
1.36863	-0.188348	0.660967
1.69154	-0.401248	0.572991
-1.8815	-0.262753	0.386194
-1.76152	-0.307743	0.535751
-1.75343	-0.312005	0.545978
-1.74999	-0.313495	0.548188
-1.70804	-0.318094	0.57315
-1.5643	-0.283967	0.653189
-1.54991	-0.308103	0.660565
-1.33169	-0.126149	0.699216
-1.23557	-0.0629868	0.713693
-1.23533	-0.0633293	0.713751
-1.23523	-0.0633298	0.713767
-1.23521	-0.0633053	0.713769
-1.23521	-0.0632975	0.713769
-1.07373	-0.160906	0.643166
-0.751792	-0.36593	0.501463
-0.727257	-0.394307	0.489512
-0.715246	-0.38071	0.466774
-0.567223	-0.100076	0.146999
-0.456291	0.0403667	0.0561957
-0.294998	0.183202	0.0540919
-0.223079	0.225515	0.0541124
-0.1711	0.130744	0.0535511
0.0519723	0.0411039	0.0530367
0.162786	0.0168702	0.0528469
0.204281	-0.00192322	0.0530489
0.32426	-0.0477541	0.0538515
0.332222	-0.0508389	0.0539048
0.332224	-0.0508437	0.0539048
0.332225	-0.0508434	0.0539049
0.34151	-0.0327049	0.0538962
0.481546	0.240696	0.0538201
0.527662	0.317304	0.0589221
0.683091	0.236337	0.205621
1.17897	-0.0611283	0.689125
1.19761	-0.0757465	0.707542
1.19761	-0.0757469	0.707542
1.19761	-0.0757466	0.707542
1.22044	-0.084206	0.701755
1.59262	-0.328201	0.600876
1.70418	-0.409283	0.569583
-1.88791	-0.138903	0.379748
-1.81627	-0.121698	0.464067
-1.70306	-0.179025	0.579007
-1.72162	-0.248163	0.567602
-1.67162	-0.171524	0.597834
-1.44039	0.00625728	0.701068
-1.41783	0.0168572	0.706721
-1.37621	0.00244402	0.70922
-1.24756	-0.0497172	0.712408
-1.23599	-0.0615604	0.713546
-1.23526	-0.0631757	0.713755
-1.23521	-0.0632919	0.713769
-1.22249	-0.0504985	0.707641
-1.04508	0.157403	0.650023
-0.932242	0.0956931	0.592567
-0.745524	-0.147777	0.417279
-0.581618	-0.0967168	0.158687
-0.458429	0.036832	0.0607899
-0.195614	0.270479	0.0543497
-0.178412	0.285592	0.0543811
-0.178411	0.285592	0.0543812
-0.178411	0.285592	0.0543811
-0.164947	0.274304	0.0542911
0.0857212	0.0992403	0.053212
0.164212	0.0336997	0.0528852
0.20338	0.00296025	0.0530568
0.284554	-0.0244199	0.0535601
0.353651	0.000876522	0.0538522
0.39517	0.0721172	0.0538446
0.481577	0.240908	0.0537622
0.519851	0.315521	0.0537848
0.530353	0.322412	0.0590298
0.722659	0.309794	0.208575
1.31734	0.216193	0.691544
1.26175	0.0495181	0.71007
1.22916	-0.0141375	0.708785
1.26175	0.0495181	0.71007
1.36569	0.201114	0.702855
1.67923	-0.155726	0.560225
1.73739	-0.344203	0.542353
-1.88612	0.300721	0.366548
-1.85108	0.263632	0.412205
-1.69127	0.134142	0.567904
-1.58092	0.0622022	0.660499
-1.56112	0.179725	0.662794
-1.52094	0.441311	0.648433
-1.53021	0.546694	0.636316
-1.50468	0.445501	0.650996
-1.4066	0.147848	0.692448
-1.29219	-0.0239748	0.711894
-1.24862	-0.0424168	0.712649
-1.1777	0.0550965	0.701595
-1.08611	0.227963	0.682972
-1.04767	0.303041	0.675034
-1.04391	0.310386	0.674255
-1.0189	0.293606	0.644453
-0.630886	0.0536726	0.187683
-0.296283	0.183961	0.0556879
-0.178412	0.285592	0.0543811
-0.178411	0.285592	0.0543816
-0.178411	0.285592	0.054382
-0.178411	0.285592	0.0543816
-0.178411	0.285592	0.0543811
-0.107963	0.375	0.0542474
0.0560746	0.442071	0.0537676
0.135379	0.154207	0.0531215
0.181944	0.0323271	0.0528985
0.404874	0.211299	0.053443
0.517313	0.310726	0.0537278
0.522209	0.320278	0.0537241
0.52384	0.32283	0.0539679
0.552097	0.322232	0.075479
1.10315	0.306083	0.496695
1.38761	0.295302	0.715031
1.3828	0.28591	0.714843
1.37888	0.278249	0.714688
1.38281	0.285909	0.714843
1.38762	0.295301	0.715031
1.5521	0.190499	0.616442
1.87085	-0.0410851	0.424792
-1.90918	0.335521	0.333318
-1.90915	0.335546	0.333344
-1.89598	0.327893	0.348439
-1.63097	0.260916	0.595234
-1.55502	0.619509	0.623922
-1.55431	0.647053	0.621653
-1.55431	0.647053	0.621654
-1.55431	0.647053	0.621655
-1.54701	0.617213	0.626014
-1.41944	0.15395	0.693504
-1.16493	0.201399	0.689028
-1.05055	0.297619	0.675606
-1.04526	0.307763	0.674535
-1.04391	0.310385	0.674257
-1.0438	0.31061	0.674232
-1.04326	0.310602	0.67385
-0.838118	0.204486	0.447515
-0.237719	0.237653	0.0575103
-0.178411	0.285592	0.0543812
-0.178411	0.285592	0.054382
-0.178411	0.285592	0.0543828
-0.178411	0.285592	0.054382
-0.178411	0.285592	0.0543812
-0.147843	0.345267	0.0543527
0.00280323	0.639358	0.0542135
0.0214842	0.630685	0.0541346
0.185029	0.250841	0.0530785
0.360403	0.309761	0.0529552
0.515297	0.325686	0.0537037
0.523622	0.323038	0.0537234
0.524165	0.323051	0.0541269
0.570052	0.321733	0.0891957
1.25291	0.306905	0.613563
1.3889	0.298234	0.715084
1.38879	0.298271	0.715081
1.3888	0.298039	0.715082
1.38893	0.297956	0.715085
1.389	0.298017	0.715086
1.43708	0.319864	0.68591
1.80679	0.124816	0.46138
-1.90918	0.335521	0.333318
-1.90904	0.335636	0.333426
-1.8975	0.345776	0.342809
-1.64952	0.574905	0.543593
-1.55431	0.647053	0.621653
-1.55431	0.647053	0.621653
-1.55431	0.647053	0.621654
-1.55431	0.647053	0.621654
-1.55431	0.647053	0.621654
-1.47748	0.488278	0.650633
-1.09415	0.324256	0.678146
-1.0445	0.311464	0.674151
-1.04387	0.310702	0.674226
-1.0438	0.310624	0.674232
-1.04379	0.310618	0.674232
-1.04347	0.310608	0.674001
-0.931014	0.277498	0.562293
-0.295327	0.209261	0.0664995
-0.178412	0.285592	0.0543811
-0.178411	0.285592	0.0543816
-0.178411	0.285592	0.054382
-0.178411	0.285592	0.0543816
-0.178411	0.285593	0.0543811
-0.115467	0.408473	0.0543228
0.00679563	0.647153	0.0542098
0.0130518	0.659365	0.054204
0.124768	0.565778	0.0538077
0.353197	0.392872	0.0569077
0.408465	0.38394	0.0722414
0.514106	0.396686	0.110374
0.580329	0.435553	0.155229
0.672892	0.557915	0.285559
1.19987	0.499628	0.665541
1.38021	0.317643	0.714862
1.37463	0.330065	0.714719
1.38022	0.317641	0.714863
1.38703	0.302464	0.715037
1.38886	0.298408	0.715083
1.45226	0.421597	0.676711
1.58997	0.624447	0.593124
-1.90918	0.335521	0.333318
-1.90896	0.335711	0.333494
-1.89012	0.352247	0.348798
-1.60622	0.60696	0.578815
-1.55431	0.647053	0.621653
-1.55431	0.647053	0.621653
-1.55431	0.647053	0.621653
-1.55431	0.647053	0.621653
-1.55431	0.647053	0.621653
-1.51529	0.671959	0.625195
-1.17741	0.49565	0.666747
-1.05304	0.330703	0.672383
-1.04457	0.31235	0.674075
-1.04384	0.310729	0.674223
-1.0438	0.310621	0.674232
-1.04372	0.310616	0.674181
-0.927908	0.394832	0.605245
-0.415212	0.377656	0.173435
-0.187133	0.28837	0.0549519
-0.178411	0.285592	0.0543811
-0.178411	0.285592	0.0543812
-0.178411	0.285593	0.0543811
-0.169126	0.303718	0.0543724
-0.028981	0.57731	0.054243
0.0116927	0.656713	0.0542055
0.013107	0.659474	0.0542041
0.0679166	0.617602	0.055823
0.415358	0.465072	0.172807
0.603854	0.600243	0.445014
0.71038	0.706603	0.591132
0.761158	0.786529	0.624438
0.855591	0.952223	0.674362
1.01814	0.910538	0.709163
1.18742	0.741886	0.710055
1.13913	0.854326	0.70869
1.19622	0.727233	0.710149
1.32942	0.430734	0.713557
1.39291	0.328086	0.709331
1.53829	0.590327	0.624404
1.57901	0.669179	0.599803
-1.90918	0.335521	0.333317
-1.90904	0.335636	0.333424
-1.8975	0.345776	0.342808
-1.65011	0.585796	0.541057
-1.55431	0.647054	0.621653
-1.55431	0.647053	0.621653
-1.55431	0.647053	0.621653
-1.55431	0.647053	0.621653
-1.55431	0.647054	0.621653
-1.49112	0.770373	0.617549
-1.36016	0.978405	0.613996
-1.12806	0.488137	0.659599
-1.04875	0.321654	0.673223
-1.04404	0.311154	0.674184
-1.0438	0.310633	0.674231
-1.03445	0.328837	0.674296
-0.893856	0.602176	0.674936
-0.816922	0.658287	0.634449
-0.394067	0.392603	0.161236
-0.229486	0.310365	0.0555968
-0.166384	0.328998	0.0543103
-0.115467	0.408473	0.0543228
-0.028981	0.57731	0.054243
0.00925992	0.651964	0.0542082
0.0130051	0.659275	0.0542051
0.0131219	0.659502	0.0542046
0.119797	0.615263	0.100991
0.670085	0.687303	0.584334
0.71456	0.697249	0.629771
0.714995	0.696756	0.629792
0.717145	0.698567	0.630127
0.788781	0.768712	0.647456
1.05417	1.00536	0.706099
1.06992	1.00839	0.70692
1.06992	1.00839	0.70692
1.06992	1.00838	0.70692
1.10064	0.961311	0.704467
1.45089	0.668568	0.639707
1.57341	0.666659	0.601914
1.58028	0.671756	0.599017
-1.90918	0.335521	0.333317
-1.90915	0.335547	0.333341
-1.89669	0.357051	0.342189
-1.71398	0.632854	0.476714
-1.56181	0.650475	0.614123
-1.55431	0.647054	0.621653
-1.55431	0.647053	0.621653
-1.55431	0.647054	0.621653
-1.54492	0.665373	0.621043
-1.40474	0.938938	0.611939
-1.3642	1.01806	0.609307
-1.28415	0.84576	0.63895
-1.01832	0.457736	0.675482
-1.0137	0.371327	0.674358
-0.980745	0.433709	0.674689
-0.894297	0.60237	0.675318
-0.856103	0.676875	0.675584
-0.851962	0.683933	0.67524
-0.680042	0.612311	0.501626
-0.334126	0.431129	0.13376
-0.218172	0.496881	0.12381
-0.00299453	0.645727	0.064543
0.0116925	0.656713	0.0542058
0.0130051	0.659275	0.0542051
0.0131197	0.659499	0.0542063
0.0290181	0.686416	0.0791902
0.351512	1.03922	0.498523
0.639619	0.851018	0.642013
0.708547	0.711146	0.631501
0.714962	0.697392	0.63007
0.724837	0.705458	0.632121
0.929459	0.885078	0.676473
1.06991	1.00839	0.706919
1.06992	1.00839	0.70692
1.06992	1.00839	0.70692
1.06992	1.00839	0.70692
1.06992	1.00839	0.706918
1.2671	0.883829	0.662456
1.5639	0.686213	0.600884
1.58007	0.672489	0.598882
-1.88642	0.401069	0.332234
-1.84468	0.461379	0.377386
-1.75881	0.628738	0.436094
-1.71785	0.701022	0.464917
-1.66716	0.708479	0.50468
-1.51015	0.753673	0.609766
-1.52354	0.707108	0.619654
-1.49111	0.770392	0.617548
-1.40474	0.938939	0.611939
-1.36662	1.01333	0.609463
-1.36289	1.02062	0.609221
-1.30851	0.9766	0.624293
-0.912448	0.702012	0.676723
-0.863351	0.664994	0.675399
-0.858626	0.67217	0.675558
-0.853696	0.681641	0.675609
-0.852379	0.684182	0.675622
-0.852259	0.684399	0.675619
-0.81035	0.734345	0.67257
-0.516559	0.926227	0.594001
-0.264426	0.779639	0.413471
-0.121299	0.712662	0.290041
-0.00121305	0.728335	0.176038
0.0674732	0.768499	0.151377
0.130737	0.88922	0.255198
0.300437	1.22067	0.545049
0.385091	1.386	0.689506
0.411013	1.3716	0.703357
0.645036	0.852674	0.647094
0.712854	0.702308	0.630619
0.731021	0.71096	0.633473
0.992951	0.940826	0.690235
1.06992	1.00839	0.70692
1.06992	1.00839	0.70692
1.06992	1.00839	0.70692
1.06992	1.00839	0.70692
1.06992	1.00839	0.70692
1.13431	1.03854	0.661609
1.49102	0.834893	0.572437
1.58344	0.705067	0.568591
-1.84885	0.735937	0.151934
-1.73125	0.700771	0.440473
-1.71904	0.70658	0.463243
-1.71753	0.709163	0.464267
-1.70491	0.718953	0.470072
-1.48006	0.914449	0.562716
-1.37306	1.00078	0.60988
-1.36908	1.00854	0.609622
-1.3642	1.01806	0.609305
-1.36289	1.02062	0.60922
-1.36278	1.02084	0.609213
-1.27259	0.991012	0.604494
-0.937421	0.757156	0.672312
-0.863365	0.708235	0.669962
-0.855064	0.69035	0.674191
-0.852687	0.685292	0.675408
-0.852315	0.684526	0.675596
-0.852264	0.684417	0.675622
-0.789904	0.806177	0.688357
-0.667188	1.04575	0.713396
-0.635202	1.04183	0.696887
-0.236061	0.816369	0.43939
0.207286	1.15891	0.574966
0.361221	1.33938	0.66475
0.369837	1.35621	0.675625
0.38702	1.38977	0.697029
0.394543	1.40447	0.706287
0.395851	1.40702	0.707887
0.501095	1.17313	0.682298
0.704646	0.72036	0.632593
0.724724	0.705712	0.632149
0.929476	0.885112	0.676464
1.06991	1.00839	0.706919
1.06992	1.00839	0.70692
1.06992	1.00839	0.70692
1.06992	1.00839	0.70692
1.06992	1.0084	0.706917
1.14568	1.15635	0.604499
1.27481	1.34325	0.453733
1.62838	1.05563	0.231907
-1.87765	0.770373	0.0608245
-1.83084	0.770957	0.158211
-1.67315	0.817013	0.436811
-1.68631	0.77048	0.46132
-1.65164	0.83539	0.459433
-1.52317	1.00596	0.485021
-1.37125	1.02336	0.601107
-1.36284	1.02071	0.609217
-1.36279	1.02081	0.609213
-1.36277	1.02084	0.609212
-1.35958	1.04194	0.593345
-1.25051	1.3193	0.46534
-1.15142	1.30712	0.526669
-1.06974	1.16381	0.563443
-0.925665	0.847814	0.637114
-0.861251	0.704423	0.670907
-0.85304	0.686145	0.675215
-0.843251	0.70221	0.677447
-0.703212	0.975463	0.706059
-0.661753	1.05537	0.714384
-0.642783	1.05787	0.713578
-0.302881	0.986099	0.614482
0.237444	1.11987	0.656691
0.233773	1.09041	0.665805
0.263372	1.14823	0.673269
0.348187	1.31391	0.69537
0.390495	1.39656	0.706525
0.395696	1.40672	0.707935
0.447094	1.29333	0.695499
0.697921	0.735068	0.634196
0.717063	0.699234	0.630525
0.777219	0.761108	0.643531
1.05154	1.01448	0.701508
1.06992	1.0084	0.706917
1.06992	1.00839	0.70692
1.06992	1.0084	0.706917
1.08531	1.03845	0.686116
1.22558	1.31237	0.496495
1.26014	1.37986	0.449778
1.43104	1.26911	0.318079
-1.88087	0.771767	0.0526222
-1.8684	0.781319	0.0680305
-1.64374	0.976745	0.319961
-1.53641	1.06334	0.447473
-1.53237	1.071	0.447207
-1.52435	1.07928	0.449908
-1.49072	1.06946	0.481978
-1.4171	1.04159	0.555136
-1.37862	1.05148	0.571206
-1.34315	1.15813	0.505408
-1.21929	1.31567	0.519632
-1.17519	1.38728	0.510232
-1.17148	1.39453	0.508276
-1.17136	1.39475	0.508215
-1.15686	1.36756	0.516466
-0.911835	0.905902	0.638733
-0.795855	0.815359	0.685548
-0.703571	0.975778	0.705911
-0.664677	1.05061	0.713909
-0.654513	1.05778	0.714273
-0.470591	1.05283	0.702491
0.168122	1.03299	0.659406
0.204534	1.03329	0.659039
0.204531	1.03329	0.65903
0.204529	1.03328	0.659023
0.213295	1.05041	0.661273
0.351914	1.32119	0.69674
0.394309	1.40401	0.707586
0.475725	1.19716	0.680478
0.678805	0.731397	0.626327
0.664044	0.721469	0.616368
0.734023	0.954769	0.609289
1.08526	1.33974	0.554259
1.13512	1.16034	0.608799
1.11143	1.08947	0.650798
1.14568	1.15635	0.604499
1.22558	1.31237	0.496495
1.25811	1.37589	0.452522
1.26123	1.38199	0.448301
1.34475	1.32722	0.383752
-1.85841	0.8368	0.0521722
-1.81472	0.898395	0.0551082
-1.6865	1.06853	0.137943
-1.53476	1.08576	0.426682
-1.5263	1.08309	0.446542
-1.52615	1.08316	0.446633
-1.52502	1.08276	0.447735
-1.51142	1.09951	0.441348
-1.36918	1.35746	0.302326
-1.23006	1.40152	0.423537
-1.17278	1.39199	0.50896
-1.17148	1.39453	0.508275
-1.17136	1.39475	0.508216
-1.17136	1.39476	0.508215
-1.17136	1.39476	0.508216
-1.0313	1.29	0.571606
-0.690443	1.06183	0.703961
-0.663042	1.05589	0.714114
-0.660662	1.05797	0.71466
-0.632314	1.05737	0.712876
-0.0804	1.04151	0.677374
0.204534	1.0333	0.659042
0.204535	1.0333	0.659042
0.204535	1.0333	0.659043
0.204535	1.0333	0.659043
0.204535	1.0333	0.659043
0.267049	1.15541	0.675034
0.382728	1.39798	0.705459
0.372048	1.28463	0.662398
0.55145	0.817634	0.590764
0.587709	0.820952	0.589775
1.01212	1.40058	0.533381
1.10288	1.43939	0.513746
1.20312	1.39208	0.476846
1.2527	1.36533	0.459833
1.25605	1.37187	0.455307
1.26014	1.37986	0.449779
1.26123	1.38199	0.448301
1.26133	1.38218	0.448172
1.44202	1.29052	0.316709
-1.72477	1.13526	0.0518929
-1.69568	1.13332	0.0522948
-1.68769	1.14155	0.0599073
-1.65415	1.13177	0.137794
-1.58063	1.10401	0.315066
-1.551	1.09507	0.383051
-1.49804	1.18025	0.354961
-1.37596	1.37588	0.277571
-1.32708	1.44855	0.248467
-1.19577	1.40615	0.462907
-1.17138	1.39473	0.508222
-1.17136	1.39475	0.508214
-1.17136	1.39476	0.508214
-1.17136	1.39476	0.508214
-1.17136	1.39476	0.508215
-1.10966	1.35168	0.54018
-0.698972	1.08162	0.702058
-0.661519	1.0586	0.714444
-0.660329	1.05819	0.714673
-0.614303	1.05686	0.711718
0.0713437	1.03757	0.667659
0.204535	1.0333	0.659042
0.204535	1.0333	0.659042
0.204535	1.0333	0.659042
0.204535	1.0333	0.659042
0.204535	1.0333	0.659042
0.231109	1.10035	0.663154
0.444808	1.59086	0.568904
0.536899	1.70994	0.484698
0.593246	1.53827	0.491407
0.774063	1.45196	0.537792
1.06097	1.4586	0.519344
1.09889	1.44427	0.514117
1.1335	1.43087	0.50024
1.25307	1.38513	0.451613
1.26127	1.38207	0.448249
1.26132	1.38216	0.448186
1.26133	1.38218	0.448169
1.29638	1.38346	0.428292
1.80283	1.39599	0.139389
-1.74384	1.16592	0.0516855
-1.68963	1.14535	0.0520566
-1.68948	1.14541	0.0522889
-1.68836	1.14502	0.0549579
-1.68421	1.14348	0.0649324
-1.67836	1.14437	0.0743002
-1.56064	1.30346	0.102729
-1.33711	1.46277	0.220218
-1.25589	1.51935	0.203143
-1.14795	1.48305	0.378327
-1.17136	1.39476	0.508213
-1.17136	1.39476	0.508214
-1.17136	1.39476	0.508214
-1.17136	1.39476	0.508214
-1.17136	1.39476	0.508214
-0.979197	1.37253	0.571962
-0.734764	1.17318	0.705342
-0.70167	1.08129	0.71459
-0.594132	1.0655	0.710664
-0.410297	1.06925	0.700657
0.0997328	1.05113	0.667459
0.204524	1.03332	0.659039
0.204528	1.03331	0.65904
0.204534	1.0333	0.659042
0.204535	1.0333	0.659042
0.204535	1.0333	0.659042
0.323154	1.27069	0.594331
0.573468	1.75364	0.450849
0.587221	1.78049	0.442007
0.587477	1.78099	0.441767
0.603945	1.76721	0.447503
0.944472	1.53376	0.508852
1.09434	1.447	0.51406
1.10123	1.44335	0.513291
1.13441	1.43102	0.499671
1.22452	1.40255	0.460863
1.35358	1.38903	0.3956
1.49511	1.39481	0.31666
1.81052	1.41154	0.139382
1.94924	1.41872	0.0614817
-1.81735	1.19446	0.0511913
-1.69777	1.14896	0.0519957
-1.68962	1.14572	0.0520525
-1.68956	1.14553	0.0520819
-1.6895	1.14547	0.0521959
-1.68102	1.16472	0.0523809
-1.53177	1.44042	0.0556382
-1.35958	1.56029	0.0832952
-1.00232	1.75049	0.0637786
-1.02196	1.68651	0.153594
-1.16203	1.41298	0.486068
-1.17136	1.39476	0.508213
-1.17136	1.39476	0.508214
-1.17136	1.39476	0.508214
-1.13757	1.39683	0.516925
-0.624352	1.42372	0.655131
-0.492166	1.41512	0.696324
-0.714542	1.21387	0.703553
-0.59773	1.13679	0.701
0.00253476	1.10223	0.676881
0.0725515	1.08294	0.672371
0.196095	1.03738	0.659752
0.204294	1.03383	0.65898
0.204485	1.03341	0.659029
0.204531	1.03331	0.659041
0.217441	1.06465	0.652647
0.503378	1.61679	0.489528
0.584611	1.77539	0.443404
0.587448	1.78093	0.441782
0.587481	1.781	0.441762
0.587482	1.781	0.441762
0.715529	1.6851	0.47585
1.07347	1.45888	0.513798
1.09797	1.4447	0.514489
1.1005	1.44484	0.512798
1.13691	1.44637	0.490518
1.64613	1.4407	0.21065
1.91061	1.43812	0.0665232
1.94093	1.43076	0.0565493
1.95915	1.42214	0.0538672
-1.85611	1.31533	0.0507228
-1.8108	1.34967	0.0509467
-1.7377	1.29865	0.0514251
-1.69182	1.2213	0.0518206
-1.67861	1.28965	0.0516401
-1.58205	1.45409	0.0516313
-1.48511	1.52012	0.0520484
-1.15511	1.68385	0.0537755
-0.980068	1.76832	0.0541594
-0.983803	1.76102	0.0630274
-1.02196	1.68651	0.153594
-1.10833	1.51785	0.358603
-1.14071	1.45461	0.435463
-1.05477	1.48254	0.426088
-0.641522	1.43578	0.632892
-0.484323	1.43183	0.692298
-0.469904	1.43206	0.696891
-0.423435	1.51915	0.643483
-0.2808	1.58063	0.57256
-0.13544	1.3016	0.648737
-0.00302315	1.20237	0.67126
0.069959	1.164	0.651449
0.177617	1.13122	0.627652
0.220111	1.12784	0.637055
0.238147	1.21804	0.639397
0.462022	1.5848	0.516726
0.579771	1.76595	0.446137
0.587246	1.78054	0.441895
0.587479	1.78099	0.441763
0.587481	1.781	0.441762
0.587481	1.781	0.441762
0.645419	1.73787	0.457566
1.01381	1.56516	0.448714
1.12463	1.53761	0.412159
1.12964	1.50552	0.440198
1.21027	1.58892	0.323131
1.45132	1.69097	0.0951176
1.53127	1.70332	0.0542528
1.62343	1.64365	0.0539737
1.8531	1.49233	0.0537296
-1.84933	1.73993	0.0521215
-1.84184	1.76578	0.0528247
-1.83348	1.7376	0.0522155
-1.72865	1.64321	0.0511439
-1.66466	1.57153	0.0508754
-1.62065	1.56997	0.051039
-1.47499	1.53852	0.051948
-1.06585	1.72769	0.0535844
-0.979953	1.76854	0.0538889
-0.980067	1.76832	0.0541594
-0.981376	1.76576	0.0572672
-0.986261	1.75622	0.0688634
-0.990244	1.74844	0.078318
-0.906301	1.70353	0.169598
-0.505154	1.45192	0.657216
-0.470513	1.43252	0.696096
-0.46925	1.4323	0.69694
-0.431825	1.49808	0.663288
-0.251034	1.77693	0.525477
-0.167187	1.7533	0.554623
-0.116657	1.67803	0.589226
-0.0538883	1.66694	0.607533
0.237045	1.74545	0.497393
0.393827	1.79053	0.437861
0.415182	1.80275	0.434867
0.527004	1.78949	0.440233
0.587246	1.78054	0.441895
0.587474	1.78099	0.441766
0.587481	1.781	0.441762
0.587481	1.781	0.441762
0.587482	1.781	0.441761
0.756599	1.77905	0.356422
1.24982	1.80409	0.0871315
1.28439	1.80585	0.067944
1.31856	1.78903	0.0720855
1.44462	1.75853	0.0547754
1.45286	1.7561	0.0541036
1.45286	1.7561	0.0541022
1.45286	1.7561	0.0541006
1.47923	1.74235	0.0540629
-1.84533	1.79345	0.0534472
-1.84533	1.79345	0.0534473
-1.84533	1.79345	0.0534472
-1.82868	1.79717	0.0532967
-1.68833	1.64936	0.0513442
-1.58489	1.64736	0.0510088
-1.34899	1.79833	0.0517771
-1.11272	1.73991	0.0532635
-0.97995	1.76855	0.0538805
-0.979951	1.76855	0.0538835
-0.979965	1.76852	0.0539182
-0.980021	1.76841	0.0540498
-0.980066	1.76832	0.0541609
-0.808334	1.65526	0.270342
-0.48679	1.44351	0.675224
-0.469674	1.43231	0.696689
-0.46688	1.43436	0.696159
-0.343505	1.59666	0.619953
-0.123682	1.74634	0.573077
-0.114567	1.74364	0.576804
-0.114566	1.74364	0.576806
-0.114566	1.74364	0.576807
-0.093438	1.74333	0.57337
0.303375	1.8206	0.452978
0.420585	1.84165	0.418789
0.459298	1.82959	0.422611
0.579179	1.78415	0.440516
0.587481	1.781	0.441762
0.587481	1.781	0.441762
0.587482	1.781	0.441761
0.615069	1.78594	0.422
1.09391	1.82591	0.138
1.28429	1.81803	0.0559041
1.29467	1.81617	0.0532383
1.3982	1.77683	0.0538283
1.45286	1.7561	0.0541011
1.45286	1.7561	0.0541016
1.45286	1.7561	0.0541011
1.45286	1.7561	0.0541004
1.45287	1.7561	0.0541002
-1.84533	1.79345	0.0534477
-1.84533	1.79345	0.0534482
-1.84533	1.79345	0.0534477
-1.84533	1.79345	0.0534472
-1.72883	1.82371	0.0525062
-1.41599	1.83431	0.0514271
-1.30065	1.88758	0.0517425
-1.15285	1.83069	0.0527361
-0.98858	1.77184	0.0538227
-0.97995	1.76855	0.0538804
-0.979949	1.76855	0.0538806
-0.97995	1.76855	0.0538814
-0.954802	1.75185	0.086108
-0.579106	1.50439	0.558867
-0.473216	1.4346	0.692267
-0.469355	1.43226	0.696926
-0.448736	1.46035	0.683602
-0.184547	1.73719	0.565476
-0.114567	1.74364	0.576804
-0.114566	1.74364	0.576804
-0.114566	1.74364	0.576805
-0.114566	1.74364	0.576806
-0.114566	1.74364	0.576805
0.0620989	1.77299	0.526555
0.40658	1.84009	0.422303
0.427065	1.8421	0.417638
0.459474	1.82985	0.422439
0.535029	1.80317	0.430346
0.6432	1.7987	0.390984
0.765818	1.81423	0.312352
1.01596	1.85652	0.136533
1.24874	1.82781	0.0605579
1.28908	1.81829	0.0532439
1.29804	1.81506	0.0530687
1.42573	1.76643	0.0539191
1.45286	1.7561	0.0541004
1.45286	1.7561	0.0541005
1.45286	1.7561	0.0541004
1.45286	1.7561	0.0541002
1.45286	1.7561	0.0541002
-1.84533	1.79345	0.0534482
-1.84533	1.79345	0.0534489
-1.84533	1.79345	0.0534482
-1.84533	1.79345	0.0534473
-1.78127	1.81965	0.0529799
-1.36146	1.89601	0.0516116
-1.29822	1.88972	0.0517498
-1.16639	1.8397	0.0526326
-1.10828	1.81756	0.053022
-1.03535	1.78971	0.0535113
-1.00735	1.779	0.0537624
-1.03081	1.78702	0.0578569
-0.993133	1.74952	0.163023
-0.654711	1.57026	0.495235
-0.449539	1.49666	0.6565
-0.405339	1.55698	0.631594
-0.308818	1.72573	0.545359
-0.142987	1.75297	0.564593
-0.114566	1.74364	0.576804
-0.114566	1.74364	0.576804
-0.114566	1.74364	0.576804
-0.114566	1.74364	0.576804
-0.114566	1.74364	0.576804
-0.0617947	1.73594	0.571023
0.341492	1.85431	0.411024
0.396418	1.85369	0.407946
0.370477	1.86385	0.398603
0.443066	1.89316	0.317746
1.05428	1.88406	0.0814613
1.1082	1.87744	0.0648076
1.12733	1.878	0.0548138
1.23381	1.8394	0.0528721
1.28945	1.81833	0.0530151
1.29469	1.81634	0.053043
1.3978	1.77707	0.0537321
1.45286	1.7561	0.0541002
1.45286	1.7561	0.0541002
1.45286	1.7561	0.0541002
1.45286	1.7561	0.0541002
1.45287	1.7561	0.0541002
