-1.92093	-1.96934	0.000372349
-1.63494	-1.88337	0.0014165
-1.28484	-1.73799	0.00318205
-1.16229	-1.67605	0.00393434
-1.15818	-1.67358	0.00396453
-1.15818	-1.67357	0.00396476
-1.15818	-1.67357	0.00396502
-1.15818	-1.67357	0.00396525
-1.15818	-1.67357	0.00396535
-1.15818	-1.67357	0.00396525
-1.15818	-1.67357	0.00396502
-1.15818	-1.67357	0.00396476
-1.15818	-1.67358	0.00396453
-1.1547	-1.67605	0.00393434
-1.04803	-1.73799	0.00318205
-0.735172	-1.88337	0.0014165
-0.471211	-1.96934	0.000372349
-0.315324	-1.99417	7.07902e-005
-0.202579	-1.99912	1.06692e-005
-0.100349	-1.99989	1.30811e-006
-3.8311e-005	-1.99999	1.31302e-007
0.0999966	-2	1.1498e-008
0.2	-2	9.19907e-009
0.300001	-2	1.00635e-007
0.400005	-2	1.00095e-006
0.500038	-1.99997	8.17197e-006
0.600226	-1.99982	5.46298e-005
0.701093	-1.99902	0.000298866
0.804249	-1.99561	0.0013361
0.913136	-1.98404	0.004861
1.03174	-1.95316	0.0142666
1.15831	-1.89045	0.0333656
1.27846	-1.79717	0.0617732
1.37272	-1.69879	0.0917355
1.43571	-1.6282	0.113235
1.48042	-1.60337	0.120796
1.52759	-1.6282	0.113235
1.59754	-1.69879	0.0917355
1.70151	-1.79717	0.0617732
1.83088	-1.89045	0.0333656
-1.87365	-1.86602	0.000594997
-1.51604	-1.7828	0.00205191
-1.20234	-1.68915	0.00369165
-1.15835	-1.67365	0.00396323
-1.15818	-1.67357	0.00396468
-1.15818	-1.67357	0.00396502
-1.15818	-1.67357	0.00396545
-1.15818	-1.67357	0.00396584
-1.15818	-1.67357	0.00396599
-1.15818	-1.67357	0.00396584
-1.15818	-1.67357	0.00396545
-1.15818	-1.67357	0.00396502
-1.15818	-1.67357	0.00396468
-1.15803	-1.67365	0.00396323
-1.11977	-1.68915	0.00369165
-0.840664	-1.7828	0.00205191
-0.513792	-1.86602	0.000594997
-0.325119	-1.89337	0.000116036
-0.204248	-1.899	1.75755e-005
-0.100576	-1.89988	2.15719e-006
-6.30592e-005	-1.89999	2.17966e-007
0.0999945	-1.9	2.24268e-008
0.2	-1.9	3.49816e-008
0.300002	-1.9	3.7215e-007
0.400019	-1.89999	3.67543e-006
0.500138	-1.89991	2.99858e-005
0.600828	-1.89944	0.000200384
0.704003	-1.89693	0.00109454
0.815457	-1.88636	0.004861
0.946728	-1.85148	0.0172916
1.10629	-1.76595	0.0477714
1.27241	-1.62316	0.0986594
1.39228	-1.47522	0.151381
1.44603	-1.3831	0.184209
1.46225	-1.34601	0.197427
1.46749	-1.33723	0.200554
1.47375	-1.34601	0.197427
1.49425	-1.3831	0.184209
1.55865	-1.47522	0.151381
1.6956	-1.62316	0.0986594
-1.83408	-1.77508	0.000781357
-1.43546	-1.72083	0.00248255
-1.17547	-1.67698	0.00385761
-1.15819	-1.67358	0.00396446
-1.15818	-1.67357	0.0039648
-1.15818	-1.67357	0.00396525
-1.15818	-1.67357	0.00396584
-1.15818	-1.67357	0.00396635
-1.15818	-1.67357	0.00396656
-1.15818	-1.67357	0.00396635
-1.15818	-1.67357	0.00396584
-1.15818	-1.67357	0.00396525
-1.15818	-1.67357	0.0039648
-1.15817	-1.67358	0.00396446
-1.14314	-1.67698	0.00385761
-0.91216	-1.72083	0.00248255
-0.549433	-1.77508	0.000781358
-0.333732	-1.79503	0.000155827
-0.205729	-1.79924	2.37096e-005
-0.100776	-1.7999	2.92026e-006
-8.38538e-005	-1.79998	3.1178e-007
0.0999939	-1.79999	6.22803e-008
0.200001	-1.79999	1.35882e-007
0.300006	-1.79998	1.1541e-006
0.400055	-1.79996	1.10742e-005
0.500414	-1.79978	9.00937e-005
0.602485	-1.79859	0.000601426
0.711962	-1.79238	0.00327102
0.845364	-1.76678	0.0142666
1.0291	-1.68876	0.0477714
1.25194	-1.53632	0.113235
1.41206	-1.38417	0.178572
1.46043	-1.32253	0.20504
1.46576	-1.31307	0.209104
1.46604	-1.31232	0.209425
1.46605	-1.31227	0.209448
1.46607	-1.31232	0.209425
1.46645	-1.31307	0.209104
1.4731	-1.32253	0.20504
1.53005	-1.38417	0.178572
-1.81865	-1.69431	0.000854008
-1.40819	-1.68248	0.0026283
-1.17	-1.67406	0.00389143
-1.15818	-1.67357	0.00396453
-1.15818	-1.67357	0.00396485
-1.15818	-1.67357	0.00396535
-1.15818	-1.67357	0.00396599
-1.15818	-1.67357	0.00396656
-1.15818	-1.67357	0.0039668
-1.15818	-1.67357	0.00396656
-1.15818	-1.67357	0.00396599
-1.15818	-1.67357	0.00396535
-1.15818	-1.67357	0.00396485
-1.15817	-1.67357	0.00396453
-1.1479	-1.67406	0.00389143
-0.936357	-1.68248	0.0026283
-0.563327	-1.69431	0.000854011
-0.3372	-1.69885	0.000171867
-0.206325	-1.69981	2.62297e-005
-0.100849	-1.69995	3.31328e-006
-8.00509e-005	-1.69994	5.18315e-007
0.100007	-1.69991	3.62819e-007
0.20001	-1.69987	6.58815e-007
0.300013	-1.69986	3.19964e-006
0.400125	-1.69982	2.75638e-005
0.501003	-1.6995	0.000221767
0.606087	-1.69721	0.00147632
0.729079	-1.68525	0.00795409
0.906091	-1.63822	0.0333657
1.16661	-1.51736	0.0986594
1.39732	-1.36942	0.178572
1.46276	-1.31571	0.207584
1.46603	-1.31226	0.209448
1.46605	-1.31223	0.209463
1.46605	-1.31223	0.209463
1.46605	-1.31223	0.209463
1.46605	-1.31223	0.209463
1.46605	-1.31223	0.209463
1.46607	-1.31226	0.209448
1.46994	-1.31571	0.207584
-1.83408	-1.6145	0.000781357
-1.43546	-1.64607	0.00248255
-1.17547	-1.67159	0.00385761
-1.15819	-1.67357	0.00396446
-1.15818	-1.67357	0.0039648
-1.15818	-1.67357	0.00396525
-1.15818	-1.67357	0.00396584
-1.15818	-1.67357	0.00396635
-1.15818	-1.67357	0.00396656
-1.15818	-1.67357	0.00396635
-1.15818	-1.67357	0.00396584
-1.15818	-1.67357	0.00396525
-1.15818	-1.67357	0.0039648
-1.15817	-1.67357	0.00396446
-1.14314	-1.67159	0.00385761
-0.912159	-1.64607	0.00248256
-0.549429	-1.61449	0.000781382
-0.333717	-1.60286	0.000155929
-0.20569	-1.60036	2.40252e-005
-0.100699	-1.59985	3.70036e-006
3.05973e-005	-1.59958	1.88476e-006
0.100116	-1.59931	2.67744e-006
0.200077	-1.59906	3.99189e-006
0.300012	-1.59896	9.39056e-006
0.40017	-1.59899	5.81694e-005
0.501908	-1.5987	0.000448317
0.612117	-1.59552	0.00296351
0.757373	-1.57822	0.0157101
0.996395	-1.51507	0.0617734
1.30908	-1.39202	0.151381
1.45621	-1.31831	0.20504
1.46602	-1.31226	0.209448
1.46605	-1.31223	0.209463
1.46605	-1.31223	0.209463
1.46605	-1.31223	0.209463
1.46605	-1.31223	0.209463
1.46605	-1.31223	0.209463
1.46605	-1.31223	0.209463
1.46605	-1.31223	0.209463
1.46608	-1.31226	0.209448
-1.87365	-1.52605	0.000594998
-1.51604	-1.58984	0.00205191
-1.20234	-1.66163	0.00369165
-1.15835	-1.67352	0.00396323
-1.15818	-1.67357	0.00396468
-1.15818	-1.67357	0.00396502
-1.15818	-1.67357	0.00396545
-1.15818	-1.67357	0.00396584
-1.15818	-1.67357	0.00396599
-1.15818	-1.67357	0.00396584
-1.15818	-1.67357	0.00396545
-1.15818	-1.67357	0.00396502
-1.15818	-1.67357	0.00396468
-1.15803	-1.67352	0.00396323
-1.11977	-1.66163	0.00369167
-0.84066	-1.58983	0.00205199
-0.513763	-1.52601	0.000595189
-0.325014	-1.50491	0.000116737
-0.203982	-1.50026	1.97149e-005
-0.100055	-1.49883	7.43467e-006
0.000710614	-1.49747	1.08454e-005
0.100817	-1.49582	1.75728e-005
0.200502	-1.49436	2.43535e-005
0.299926	-1.49377	3.51161e-005
0.399735	-1.49429	0.000113662
0.502401	-1.49518	0.00075177
0.619244	-1.49316	0.00487138
0.791897	-1.47624	0.0252698
1.09154	-1.41748	0.0917367
1.39779	-1.33485	0.184209
1.46525	-1.31256	0.209104
1.46605	-1.31223	0.209463
1.46605	-1.31223	0.209463
1.46605	-1.31223	0.209463
1.46605	-1.31223	0.209463
1.46605	-1.31223	0.209463
1.46605	-1.31223	0.209463
1.46605	-1.31223	0.209463
1.46605	-1.31223	0.209463
1.46605	-1.31223	0.209463
-1.92093	-1.4257	0.000372363
-1.63494	-1.49775	0.00141656
-1.28484	-1.61959	0.00318212
-1.16229	-1.6715	0.00393435
-1.15818	-1.67357	0.00396453
-1.15818	-1.67357	0.00396476
-1.15818	-1.67357	0.00396502
-1.15818	-1.67357	0.00396525
-1.15818	-1.67357	0.00396535
-1.15818	-1.67357	0.00396525
-1.15818	-1.67357	0.00396502
-1.15818	-1.67357	0.00396476
-1.15818	-1.67357	0.00396453
-1.1547	-1.6715	0.00393442
-1.04802	-1.61958	0.00318289
-0.735142	-1.49772	0.00141756
-0.471041	-1.42549	0.000373662
-0.314746	-1.40407	7.47168e-005
-0.20112	-1.39824	2.23961e-005
-0.0975063	-1.39396	3.01203e-005
0.00417154	-1.3877	5.79497e-005
0.104451	-1.37981	9.494e-005
0.202695	-1.37286	0.000128501
0.299397	-1.37006	0.000152847
0.396716	-1.37283	0.000248988
0.499235	-1.37949	0.00108504
0.622407	-1.38534	0.00659093
0.819403	-1.38086	0.0333899
1.15934	-1.35141	0.11324
1.43349	-1.31723	0.197427
1.46596	-1.31225	0.209425
1.46605	-1.31223	0.209463
1.46605	-1.31223	0.209463
1.46605	-1.31223	0.209463
1.46605	-1.31223	0.209463
1.46605	-1.31223	0.209463
1.46605	-1.31223	0.209463
1.46605	-1.31223	0.209463
1.46605	-1.31223	0.209463
1.46605	-1.31223	0.209463
-1.95976	-1.31786	0.000189638
-1.75379	-1.37363	0.00078204
-1.44494	-1.50666	0.00219479
-1.20628	-1.64041	0.00361369
-1.15931	-1.67261	0.00395437
-1.15818	-1.67357	0.00396453
-1.15818	-1.67357	0.00396468
-1.15818	-1.67357	0.0039648
-1.15818	-1.67357	0.00396485
-1.15818	-1.67357	0.0039648
-1.15818	-1.67357	0.00396468
-1.15818	-1.67357	0.00396453
-1.15726	-1.67261	0.0039548
-1.11751	-1.64039	0.00362162
-0.908778	-1.50661	0.00221193
-0.629561	-1.37345	0.000793432
-0.435442	-1.317	0.000197666
-0.305036	-1.30008	5.35042e-005
-0.194771	-1.29072	5.77386e-005
-0.0875941	-1.27622	0.000128153
0.0183655	-1.2528	0.000252551
0.119129	-1.22382	0.000407506
0.211389	-1.1991	0.000540737
0.297253	-1.18935	0.000605269
0.384166	-1.19917	0.000673629
0.482153	-1.22428	0.00149984
0.609735	-1.25484	0.00745404
0.822282	-1.28245	0.0366555
1.18113	-1.30291	0.120818
1.44185	-1.31158	0.200555
1.46601	-1.31223	0.209448
1.46605	-1.31223	0.209463
1.46605	-1.31223	0.209463
1.46605	-1.31223	0.209463
1.46605	-1.31223	0.209463
1.46605	-1.31223	0.209463
1.46605	-1.31223	0.209463
1.46605	-1.31223	0.209463
1.46605	-1.31223	0.209463
1.46605	-1.31223	0.209463
-1.9834	-1.20934	7.9404e-005
-1.83666	-1.24042	0.000344821
-1.62073	-1.33222	0.00112956
-1.36066	-1.49649	0.0025252
-1.19738	-1.63148	0.00364287
-1.16077	-1.66997	0.00394073
-1.15825	-1.67342	0.00396377
-1.15818	-1.67357	0.00396451
-1.15818	-1.67357	0.00396455
-1.15818	-1.67357	0.00396454
-1.15813	-1.67342	0.00396443
-1.15622	-1.66995	0.00395554
-1.12645	-1.6313	0.00376298
-0.987103	-1.49606	0.00279753
-0.755959	-1.33179	0.00135465
-0.555569	-1.23969	0.000446405
-0.411957	-1.20652	0.000125804
-0.293557	-1.19146	8.4923e-005
-0.17704	-1.16987	0.000191985
-0.055895	-1.1279	0.000448133
0.0618056	-1.06323	0.000848952
0.160926	-0.99094	0.00129762
0.234606	-0.93571	0.00164134
0.291648	-0.915471	0.00177818
0.350406	-0.935927	0.00176096
0.431617	-0.992459	0.00228204
0.559292	-1.07099	0.00735734
0.781294	-1.15723	0.033742
1.14844	-1.24671	0.113321
1.43294	-1.30519	0.197431
1.46596	-1.31221	0.209425
1.46605	-1.31223	0.209463
1.46605	-1.31223	0.209463
1.46605	-1.31223	0.209463
1.46605	-1.31223	0.209463
1.46605	-1.31223	0.209463
1.46605	-1.31223	0.209463
1.46605	-1.31223	0.209463
1.46605	-1.31223	0.209463
1.46605	-1.31223	0.209463
-1.99443	-1.10378	3.46094e-005
-1.87823	-1.11673	0.000161068
-1.73351	-1.15898	0.000595828
-1.54816	-1.25942	0.00165665
-1.35477	-1.41587	0.00321524
-1.22492	-1.55884	0.00428954
-1.17444	-1.63303	0.0044657
-1.16184	-1.65743	0.00435446
-1.15887	-1.66238	0.00434745
-1.1566	-1.65709	0.0045935
-1.14755	-1.63173	0.00539564
-1.10834	-1.55531	0.00682147
-1.00047	-1.41028	0.0072199
-0.830415	-1.25451	0.00515213
-0.658808	-1.15611	0.00246278
-0.517657	-1.11422	0.000867535
-0.396071	-1.09647	0.000284683
-0.272758	-1.07514	0.000239553
-0.132993	-1.02712	0.00054872
0.0179439	-0.938308	0.00119687
0.147955	-0.825163	0.00203213
0.228516	-0.729795	0.00273711
0.266098	-0.676185	0.00313418
0.284548	-0.660237	0.00326044
0.304527	-0.676456	0.00322216
0.349314	-0.731837	0.00346178
0.456647	-0.836464	0.00684583
0.678632	-0.983397	0.0263166
1.05104	-1.15193	0.092039
1.39416	-1.28357	0.184232
1.46523	-1.31186	0.209104
1.46605	-1.31223	0.209463
1.46605	-1.31223	0.209463
1.46605	-1.31223	0.209463
1.46605	-1.31223	0.209463
1.46605	-1.31223	0.209463
1.46605	-1.31223	0.209463
1.46605	-1.31223	0.209463
1.46605	-1.31223	0.209463
1.46605	-1.31223	0.209463
-1.99841	-1.00116	5.34608e-005
-1.8937	-1.00512	0.000283811
-1.77999	-1.01835	0.00121983
-1.6501	-1.0528	0.0041454
-1.50496	-1.12042	0.0107552
-1.36548	-1.21672	0.0207733
-1.26107	-1.3133	0.0306067
-1.19972	-1.37804	0.0378439
-1.16529	-1.39474	0.0445048
-1.13598	-1.35898	0.0532488
-1.09079	-1.27446	0.0619939
-1.01089	-1.16543	0.0622172
-0.892641	-1.07394	0.0483066
-0.756079	-1.02334	0.027886
-0.624595	-1.00424	0.0121797
-0.503438	-0.997215	0.0041891
-0.380219	-0.985913	0.00126922
-0.233315	-0.950966	0.0007025
-0.0512407	-0.869203	0.00124198
0.128085	-0.747112	0.00231858
0.236757	-0.644297	0.0032524
0.272866	-0.597247	0.00368183
0.28023	-0.583915	0.00380413
0.28179	-0.581479	0.00383152
0.283813	-0.584103	0.00385732
0.294526	-0.598768	0.00411961
0.348269	-0.653741	0.00616767
0.526065	-0.789494	0.0178485
0.88341	-0.99986	0.0626189
1.28924	-1.21207	0.151509
1.45571	-1.30535	0.205044
1.46602	-1.31221	0.209448
1.46605	-1.31223	0.209463
1.46605	-1.31223	0.209463
1.46605	-1.31223	0.209463
1.46605	-1.31223	0.209463
1.46605	-1.31223	0.209463
1.46605	-1.31223	0.209463
1.46605	-1.31223	0.209463
1.46608	-1.31221	0.209448
-1.99936	-0.900087	0.000209391
-1.89722	-0.900171	0.00114218
-1.79014	-0.899662	0.00507277
-1.67204	-0.895732	0.0181567
-1.53801	-0.881657	0.0514227
-1.39585	-0.851095	0.112956
-1.27134	-0.80926	0.192162
-1.18694	-0.769211	0.263118
-1.13926	-0.731571	0.31118
-1.10846	-0.68936	0.337072
-1.07376	-0.653127	0.336763
-1.015	-0.653002	0.296419
-0.916736	-0.705229	0.214811
-0.784483	-0.783629	0.121884
-0.643165	-0.846592	0.0534854
-0.507121	-0.876838	0.0184721
-0.361739	-0.873915	0.00533005
-0.174051	-0.828047	0.0019846
0.0526664	-0.7301	0.00223919
0.22078	-0.628365	0.00328249
0.274711	-0.584832	0.00377679
0.28118	-0.577663	0.00385944
0.281546	-0.577059	0.00386671
0.281581	-0.577023	0.00386974
0.281745	-0.577153	0.00389312
0.283276	-0.57844	0.0040766
0.297599	-0.589959	0.00522381
0.390611	-0.654344	0.0110888
0.677101	-0.822926	0.0351003
1.09487	-1.05656	0.0991696
1.39044	-1.24825	0.17866
1.46266	-1.30848	0.207592
1.46603	-1.3122	0.209448
1.46605	-1.31223	0.209463
1.46605	-1.31223	0.209463
1.46605	-1.31223	0.209463
1.46605	-1.31223	0.209463
1.46605	-1.31223	0.209463
1.46607	-1.3122	0.209448
1.46994	-1.30852	0.207591
-1.99885	-0.799361	0.000762665
-1.89447	-0.796452	0.00416223
-1.77872	-0.784074	0.0184247
-1.63607	-0.743381	0.0648645
-1.45683	-0.64685	0.174582
-1.27438	-0.499317	0.343111
-1.15535	-0.371291	0.492828
-1.11066	-0.312108	0.566567
-1.09989	-0.294131	0.589912
-1.09694	-0.283429	0.597672
-1.09368	-0.273829	0.598536
-1.08212	-0.281709	0.579129
-1.03674	-0.34397	0.503082
-0.917844	-0.482241	0.348024
-0.734965	-0.638147	0.17592
-0.544019	-0.735391	0.0651513
-0.350535	-0.760249	0.0188367
-0.11136	-0.72183	0.0054513
0.139375	-0.64163	0.00349619
0.263041	-0.587596	0.00379515
0.280939	-0.57744	0.00387293
0.281554	-0.576983	0.00386878
0.281563	-0.576976	0.00386801
0.281569	-0.57698	0.00386903
0.281626	-0.577016	0.00387879
0.282083	-0.577302	0.00395706
0.285651	-0.579551	0.00445788
0.319881	-0.598927	0.00694127
0.503733	-0.68754	0.0170128
0.869684	-0.858241	0.0493685
1.21818	-1.06458	0.114487
1.40969	-1.23465	0.179425
1.46047	-1.30104	0.205281
1.46577	-1.31131	0.209136
1.46604	-1.31213	0.209429
1.46605	-1.31219	0.20945
1.46607	-1.31213	0.209429
1.46644	-1.31131	0.209136
1.473	-1.30106	0.205281
1.52956	-1.23545	0.179411
-1.99672	-0.698262	0.00228773
-1.88418	-0.690555	0.0124218
-1.74	-0.659063	0.053796
-1.53153	-0.566007	0.176022
-1.28433	-0.399421	0.395008
-1.13096	-0.262986	0.57526
-1.097	-0.225759	0.626196
-1.09478	-0.224401	0.62995
-1.09476	-0.225164	0.629752
-1.09471	-0.224243	0.630156
-1.09461	-0.221995	0.631121
-1.09444	-0.219607	0.63202
-1.09212	-0.221257	0.628131
-1.05877	-0.259939	0.57649
-0.906455	-0.397663	0.39547
-0.646529	-0.562528	0.176199
-0.371896	-0.643177	0.0542982
-0.0736934	-0.639337	0.0140303
0.18559	-0.598908	0.00540982
0.274568	-0.578766	0.00414432
0.2814	-0.576929	0.00390819
0.281545	-0.576901	0.003872
0.281553	-0.576894	0.00386858
0.281556	-0.576903	0.00386883
0.281579	-0.576933	0.00387266
0.281743	-0.57704	0.00390423
0.282861	-0.577639	0.00410985
0.295069	-0.582528	0.00513291
0.407127	-0.615516	0.00904236
0.711444	-0.697851	0.0226584
1.03848	-0.813765	0.0579018
1.26969	-0.96494	0.114875
1.39946	-1.12025	0.168024
1.45009	-1.2231	0.195769
1.46372	-1.26747	0.204662
1.46777	-1.27844	0.206407
1.47295	-1.26748	0.204662
1.49118	-1.22312	0.195768
1.55161	-1.12044	0.168018
1.68625	-0.966983	0.114811
-1.99198	-0.596598	0.00561205
-1.86172	-0.58174	0.0301182
-1.66167	-0.524665	0.124252
-1.36628	-0.388248	0.349254
-1.1399	-0.250401	0.576708
-1.09544	-0.217028	0.632028
-1.09437	-0.216317	0.63358
-1.09438	-0.216592	0.633464
-1.09438	-0.216705	0.633416
-1.09438	-0.216592	0.633465
-1.09437	-0.216315	0.633584
-1.09435	-0.216003	0.633719
-1.09434	-0.215763	0.633819
-1.09328	-0.216644	0.632194
-1.04925	-0.250185	0.57679
-0.814691	-0.387789	0.349336
-0.452211	-0.521784	0.124727
-0.0847234	-0.571646	0.0317987
0.193426	-0.577234	0.00883403
0.275662	-0.576389	0.00466339
0.281244	-0.576337	0.00396969
0.281448	-0.576181	0.00387829
0.281458	-0.576099	0.00386933
0.28147	-0.576176	0.00386916
0.281505	-0.576372	0.00387324
0.281626	-0.576589	0.00390731
0.28229	-0.576729	0.00413012
0.289906	-0.576871	0.00526382
0.380422	-0.579446	0.00965861
0.663307	-0.585218	0.0247988
0.980175	-0.58616	0.0655958
1.20944	-0.589304	0.139308
1.35876	-0.622079	0.222719
1.43932	-0.694957	0.277567
1.47305	-0.770468	0.297008
1.48881	-0.801431	0.30007
1.50742	-0.770468	0.297008
1.54805	-0.694963	0.277566
1.63346	-0.62215	0.222708
1.76955	-0.589871	0.139214
-1.98393	-0.494951	0.0112506
-1.82477	-0.473438	0.0591915
-1.5491	-0.398855	0.225395
-1.21506	-0.272235	0.507565
-1.09829	-0.217771	0.628957
-1.09434	-0.215572	0.633902
-1.09434	-0.215601	0.633893
-1.09434	-0.215629	0.633881
-1.09434	-0.21564	0.633876
-1.09434	-0.215629	0.633881
-1.09434	-0.215601	0.633893
-1.09433	-0.21557	0.633906
-1.09433	-0.215545	0.633916
-1.09433	-0.215532	0.633917
-1.09041	-0.217746	0.628959
-0.970674	-0.272694	0.507569
-0.585439	-0.405605	0.225703
-0.150326	-0.502484	0.060648
0.167415	-0.554798	0.0143147
0.271334	-0.571852	0.00548506
0.280484	-0.572049	0.0040727
0.280756	-0.570491	0.00388913
0.280716	-0.569803	0.0038708
0.280797	-0.570443	0.00387062
0.281014	-0.572054	0.00388299
0.281438	-0.573786	0.00398459
0.283024	-0.574509	0.00464579
0.296894	-0.570444	0.00806015
0.41498	-0.542446	0.0220018
0.733578	-0.466915	0.0681771
1.08178	-0.342726	0.179259
1.33107	-0.188226	0.347966
1.46386	-0.0815066	0.489992
1.50822	-0.0691284	0.548362
1.51678	-0.101065	0.555939
1.5183	-0.118421	0.554171
1.52131	-0.101065	0.555939
1.53248	-0.0691246	0.548362
1.57441	-0.081423	0.48999
1.68655	-0.187145	0.347916
-1.97365	-0.394633	0.0184422
-1.77977	-0.37247	0.0946032
-1.43629	-0.304917	0.326735
-1.1367	-0.228426	0.589586
-1.0945	-0.215585	0.633714
-1.09433	-0.215526	0.633925
-1.09433	-0.215528	0.633924
-1.09433	-0.215531	0.633924
-1.09433	-0.215531	0.633924
-1.09433	-0.215531	0.633924
-1.09433	-0.215528	0.633925
-1.09433	-0.215525	0.633926
-1.09433	-0.215522	0.633925
-1.09432	-0.215513	0.633918
-1.09407	-0.215531	0.633669
-1.05102	-0.228486	0.5894
-0.721998	-0.312945	0.326543
-0.25101	-0.419569	0.0953753
0.105389	-0.507111	0.0209479
0.255468	-0.5478	0.00641469
0.276539	-0.544762	0.0041935
0.276478	-0.534395	0.00390499
0.276025	-0.529954	0.00387607
0.276534	-0.534163	0.00387696
0.277859	-0.544764	0.0039125
0.279884	-0.556568	0.00420895
0.285501	-0.563592	0.00614583
0.325153	-0.549908	0.0161625
0.526294	-0.466533	0.0569926
0.926373	-0.290845	0.179252
1.30374	-0.0686246	0.39954
1.48968	0.0870749	0.579425
1.52646	0.121116	0.627931
1.52833	0.111813	0.628631
1.5279	0.100319	0.62539
1.52769	0.0956245	0.624014
1.5279	0.100319	0.62539
1.52846	0.111811	0.628635
1.53101	0.121114	0.627944
1.56207	0.0874272	0.57946
-1.96462	-0.2967	0.0247669
-1.74208	-0.283442	0.124254
-1.35971	-0.247291	0.395532
-1.11102	-0.217849	0.616463
-1.09434	-0.215524	0.633914
-1.09433	-0.215522	0.633927
-1.09433	-0.215522	0.633927
-1.09433	-0.215522	0.633928
-1.09433	-0.215522	0.633928
-1.09433	-0.215522	0.633929
-1.09433	-0.215522	0.633928
-1.09433	-0.215521	0.633927
-1.09432	-0.215514	0.63392
-1.09424	-0.215469	0.633881
-1.09382	-0.215233	0.633661
-1.07542	-0.216657	0.615362
-0.810054	-0.249031	0.393047
-0.342947	-0.315626	0.12256
0.0153118	-0.391292	0.0256377
0.207546	-0.433594	0.00671851
0.255793	-0.408636	0.00419645
0.256071	-0.36314	0.00392167
0.254074	-0.343479	0.00389645
0.256386	-0.36283	0.0038997
0.262464	-0.412835	0.00397332
0.271253	-0.471591	0.00463927
0.292996	-0.510027	0.00915635
0.399101	-0.478212	0.0329765
0.720343	-0.321999	0.126499
1.18483	-0.0790098	0.352723
1.47742	0.104408	0.581397
1.52828	0.143228	0.636514
1.52964	0.142743	0.637825
1.52964	0.140714	0.637278
1.52958	0.138923	0.636763
1.52956	0.138199	0.636553
1.52959	0.138922	0.636766
1.52967	0.140706	0.637292
1.52976	0.142712	0.637879
1.53078	0.143131	0.636702
-1.96098	-0.200669	0.0273148
-1.72739	-0.203325	0.135816
-1.33376	-0.210255	0.418842
-1.10576	-0.215229	0.621963
-1.09434	-0.215522	0.633923
-1.09433	-0.215522	0.633927
-1.09433	-0.215522	0.633928
-1.09433	-0.215522	0.633928
-1.09433	-0.215522	0.633929
-1.09433	-0.215522	0.633929
-1.09433	-0.215521	0.633928
-1.09433	-0.215517	0.633924
-1.09427	-0.215486	0.633897
-1.09392	-0.215284	0.63372
-1.09208	-0.214221	0.632789
-1.07306	-0.20947	0.616995
-0.821685	-0.193304	0.406775
-0.368228	-0.173691	0.124916
-0.046402	-0.150244	0.0236543
0.132424	-0.0912912	0.00558352
0.193519	0.0126084	0.00388047
0.198474	0.107945	0.00389348
0.196588	0.1434	0.00392849
0.201732	0.103692	0.00393612
0.216442	-0.0109132	0.00400072
0.244262	-0.172505	0.00488469
0.313013	-0.29941	0.0124444
0.514716	-0.290872	0.0567507
0.930006	-0.128599	0.221245
1.37741	0.0739105	0.507042
1.52095	0.144278	0.63175
1.5285	0.145989	0.638101
1.5295	0.145536	0.638511
1.52977	0.145215	0.63857
1.52984	0.144976	0.638539
1.52985	0.144883	0.63852
1.52986	0.144971	0.638548
1.52987	0.145191	0.638612
1.52988	0.145437	0.638685
1.52989	0.145627	0.638737
-1.96462	-0.104513	0.0247669
-1.74208	-0.122643	0.124254
-1.35971	-0.172079	0.395532
-1.11102	-0.212339	0.616463
-1.09434	-0.215519	0.633914
-1.09433	-0.215522	0.633927
-1.09433	-0.215522	0.633927
-1.09433	-0.215522	0.633928
-1.09433	-0.215522	0.633929
-1.09433	-0.215522	0.633929
-1.09433	-0.21552	0.633927
-1.09431	-0.215506	0.633914
-1.09411	-0.215391	0.633814
-1.09283	-0.21465	0.633167
-1.0861	-0.210758	0.629764
-1.04193	-0.19137	0.598585
-0.728155	-0.10408	0.35522
-0.268511	0.0401991	0.0908628
0.00960035	0.205784	0.0135366
0.126054	0.358335	0.00418755
0.153562	0.447973	0.00388749
0.156014	0.481554	0.00395668
0.156067	0.488759	0.00397336
0.157507	0.479972	0.00397019
0.164265	0.439284	0.00395459
0.192165	0.323894	0.00429515
0.290178	0.137299	0.0113093
0.55087	0.0146212	0.0697826
1.02897	0.0540992	0.293252
1.43504	0.141417	0.572903
1.51509	0.149574	0.631841
1.52595	0.146833	0.636974
1.52888	0.146044	0.638321
1.52965	0.145817	0.638669
1.52984	0.145746	0.63875
1.52988	0.145726	0.638766
1.52989	0.145733	0.638772
1.52989	0.145755	0.638779
1.52989	0.145779	0.638786
1.52989	0.145799	0.638791
-1.97365	-0.00626996	0.0184422
-1.77977	-0.0321631	0.0946032
-1.43629	-0.111083	0.326735
-1.1367	-0.200447	0.589586
-1.0945	-0.21545	0.633715
-1.09433	-0.215522	0.633927
-1.09433	-0.215522	0.633927
-1.09433	-0.215522	0.633928
-1.09433	-0.215522	0.633928
-1.09433	-0.215521	0.633928
-1.09432	-0.215517	0.633924
-1.09425	-0.215474	0.633886
-1.09366	-0.21513	0.633586
-1.08981	-0.212905	0.631646
-1.06963	-0.201242	0.621333
-0.949908	-0.140208	0.53972
-0.502165	0.0605896	0.236819
-0.0565521	0.302712	0.0379805
0.122454	0.459217	0.00530201
0.15238	0.502789	0.00398372
0.153967	0.506954	0.00398792
0.153997	0.507143	0.00398878
0.153997	0.507152	0.00398891
0.153999	0.507142	0.00398903
0.154057	0.50692	0.00398869
0.156049	0.501989	0.0039979
0.189498	0.453794	0.00587101
0.395937	0.315161	0.0481324
0.921349	0.207991	0.281942
1.3764	0.178286	0.559657
1.49176	0.155827	0.621195
1.52034	0.148326	0.634387
1.52762	0.146412	0.637747
1.52938	0.145946	0.638562
1.52979	0.145837	0.638749
1.52987	0.145814	0.638788
1.52989	0.145811	0.638795
1.52989	0.145812	0.638796
1.52989	0.145814	0.638796
1.52989	0.145816	0.638796
-1.98393	0.0944003	0.0112506
-1.82477	0.0705388	0.0591915
-1.5491	-0.0121851	0.225395
-1.21506	-0.15263	0.507568
-1.09829	-0.213053	0.628967
-1.09434	-0.21552	0.633923
-1.09433	-0.215522	0.633927
-1.09433	-0.215522	0.633927
-1.09433	-0.215522	0.633927
-1.09433	-0.215521	0.633927
-1.09431	-0.21551	0.633917
-1.09413	-0.215404	0.633824
-1.09267	-0.214558	0.633087
-1.08324	-0.2091	0.628327
-1.03114	-0.17872	0.599174
-0.753518	-0.0228846	0.40856
-0.203623	0.274648	0.103139
0.107421	0.468087	0.00892771
0.153066	0.506067	0.00400815
0.153995	0.507154	0.00398877
0.153996	0.507157	0.0039888
0.153996	0.507157	0.00398887
0.153996	0.507157	0.00398902
0.153996	0.507157	0.00398927
0.153996	0.507157	0.00398959
0.153998	0.507154	0.00398988
0.155127	0.506068	0.00404842
0.213859	0.472356	0.015216
0.636159	0.344711	0.183412
1.22015	0.224069	0.490896
1.44657	0.167699	0.60035
1.51017	0.150998	0.629696
1.52554	0.14696	0.636789
1.52898	0.146056	0.638377
1.52972	0.145863	0.638717
1.52986	0.145825	0.638784
1.52989	0.145818	0.638796
1.52989	0.145817	0.638797
1.52989	0.145817	0.638797
1.52989	0.145817	0.638797
-1.99198	0.196321	0.00561205
-1.86172	0.180258	0.0301183
-1.66168	0.118555	0.124254
-1.36629	-0.0289416	0.349277
-1.1399	-0.178078	0.576802
-1.09541	-0.214413	0.632236
-1.09433	-0.215519	0.633923
-1.09433	-0.215522	0.633927
-1.09433	-0.215522	0.633927
-1.09433	-0.21552	0.633925
-1.09429	-0.215498	0.633906
-1.09392	-0.215284	0.63372
-1.09098	-0.213579	0.632232
-1.07107	-0.201564	0.621048
-0.936979	-0.113882	0.523141
-0.477117	0.162238	0.226174
0.0178008	0.43019	0.0278327
0.150268	0.504647	0.00419036
0.153994	0.507155	0.00398878
0.153996	0.507157	0.00398878
0.153996	0.507157	0.00398881
0.153996	0.507157	0.00398891
0.153996	0.507157	0.0039891
0.153996	0.507157	0.00398944
0.153996	0.507157	0.00398988
0.153996	0.507157	0.00399027
0.153999	0.507155	0.00399054
0.158983	0.50488	0.00485173
0.359244	0.443486	0.0777321
0.996245	0.284091	0.386776
1.37821	0.185651	0.568808
1.49535	0.154888	0.622861
1.52281	0.147678	0.635528
1.52851	0.14618	0.638161
1.52964	0.145884	0.638682
1.52985	0.145828	0.638779
1.52989	0.145819	0.638795
1.52989	0.145818	0.638797
1.52989	0.145817	0.638797
1.52989	0.145817	0.638797
-1.99673	0.29814	0.00228771
-1.88421	0.289898	0.0124222
-1.74011	0.256245	0.053805
-1.53174	0.156779	0.176116
-1.28449	-0.0216544	0.395532
-1.13089	-0.169066	0.576802
-1.09672	-0.211488	0.628967
-1.0944	-0.21535	0.633715
-1.09433	-0.215511	0.633914
-1.09433	-0.215515	0.63392
-1.09426	-0.215472	0.63388
-1.09359	-0.214958	0.633374
-1.08652	-0.208311	0.626204
-1.02338	-0.149327	0.560081
-0.749218	0.0575075	0.336916
-0.24139	0.337771	0.0871946
0.111767	0.489754	0.00744342
0.153847	0.507086	0.00399153
0.153996	0.507157	0.00398877
0.153996	0.507157	0.00398878
0.153996	0.507157	0.00398882
0.153996	0.507157	0.00398892
0.153996	0.507157	0.00398914
0.153996	0.507157	0.00398951
0.153996	0.507157	0.00399
0.153996	0.507157	0.00399043
0.153996	0.507157	0.0039906
0.154194	0.507088	0.00401754
0.22017	0.488586	0.0251115
0.771929	0.344509	0.277985
1.30015	0.206156	0.532695
1.47877	0.159245	0.615208
1.52007	0.148398	0.634264
1.52812	0.146282	0.637981
1.52959	0.145897	0.638658
1.52984	0.14583	0.638776
1.52989	0.145819	0.638795
1.52989	0.145818	0.638797
1.52989	0.145817	0.638797
1.52989	0.145817	0.638797
-1.99891	0.39926	0.00076243
-1.89471	0.395959	0.0041623
-1.77947	0.382093	0.0184422
-1.63782	0.336803	0.0650864
-1.45952	0.228998	0.176116
-1.27649	0.0608636	0.349277
-1.15526	-0.092832	0.507568
-1.10872	-0.172469	0.589586
-1.09724	-0.198565	0.616463
-1.09443	-0.203902	0.62196
-1.09164	-0.198514	0.616418
-1.07984	-0.171971	0.589157
-1.02857	-0.0892547	0.504565
-0.875222	0.078351	0.335742
-0.561823	0.283641	0.142275
-0.113508	0.44321	0.0268911
0.138467	0.50373	0.00438279
0.153988	0.507154	0.00398877
0.153996	0.507157	0.00398877
0.153996	0.507157	0.00398878
0.153996	0.507157	0.00398881
0.153996	0.507157	0.00398891
0.153996	0.507157	0.0039891
0.153996	0.507157	0.00398944
0.153996	0.507157	0.00398988
0.153996	0.507157	0.00399027
0.153996	0.507157	0.00399043
0.154007	0.507154	0.00399126
0.177164	0.502094	0.00972171
0.60582	0.394816	0.18765
1.23601	0.223686	0.500844
1.46614	0.162562	0.609378
1.51831	0.14886	0.633451
1.52796	0.146325	0.637905
1.52959	0.145898	0.638655
1.52985	0.14583	0.638776
1.52989	0.145819	0.638794
1.52989	0.145818	0.638797
1.52989	0.145817	0.638797
1.5299	0.145819	0.638793
-1.9997	0.499765	0.000207877
-1.89855	0.498717	0.00113708
-1.79434	0.494266	0.00508014
-1.68238	0.479184	0.0184422
-1.55708	0.43927	0.053805
-1.42049	0.359752	0.124254
-1.29132	0.245593	0.225395
-1.194	0.13121	0.326735
-1.13407	0.0535578	0.395532
-1.09625	0.0272504	0.418839
-1.05876	0.0535944	0.3955
-0.999227	0.131514	0.326474
-0.897665	0.247314	0.223937
-0.736963	0.366106	0.119055
-0.470664	0.45378	0.043101
-0.0725702	0.49757	0.00887675
0.143629	0.506894	0.00400948
0.153994	0.507157	0.00398875
0.153996	0.507157	0.00398877
0.153996	0.507157	0.00398878
0.153996	0.507157	0.0039888
0.153996	0.507157	0.00398887
0.153996	0.507157	0.00398902
0.153996	0.507157	0.00398927
0.153996	0.507157	0.00398959
0.153996	0.507157	0.00398988
0.153996	0.507157	0.00399
0.154	0.507156	0.00399003
0.168034	0.505787	0.00615711
0.513859	0.440374	0.118875
1.18316	0.251662	0.451711
1.46211	0.164208	0.606447
1.51832	0.148858	0.633455
1.52809	0.14629	0.637966
1.52963	0.145887	0.638675
1.52986	0.145827	0.63878
1.52989	0.145819	0.638795
1.52989	0.145818	0.638796
1.52989	0.14582	0.638793
1.53084	0.146729	0.637154
-1.99993	0.59994	4.63896e-005
-1.89968	0.599673	0.000253893
-1.79873	0.598537	0.00113708
-1.69602	0.594645	0.0041623
-1.59009	0.584019	0.0124222
-1.48073	0.561254	0.0301183
-1.37146	0.523852	0.0591915
-1.26931	0.478297	0.0946032
-1.17929	0.440152	0.124254
-1.09878	0.425278	0.135816
-1.0184	0.440156	0.124246
-0.928207	0.478317	0.0945369
-0.82162	0.523749	0.0588624
-0.684475	0.559114	0.0290943
-0.459376	0.568831	0.010765
-0.092342	0.539815	0.00405541
0.138932	0.509614	0.00391153
0.153988	0.507158	0.0039887
0.153996	0.507157	0.00398877
0.153996	0.507157	0.00398877
0.153996	0.507157	0.00398879
0.153996	0.507157	0.00398883
0.153996	0.507157	0.00398892
0.153996	0.507157	0.00398907
0.153996	0.507157	0.00398927
0.153996	0.507157	0.00398944
0.153996	0.507157	0.00398951
0.154007	0.507158	0.0039896
0.172739	0.508585	0.00532726
0.493808	0.494631	0.0682767
1.09251	0.354562	0.319547
1.43502	0.199795	0.55757
1.51769	0.151804	0.629494
1.5284	0.146336	0.637937
1.5297	0.145877	0.638695
1.52987	0.145827	0.638781
1.52989	0.145827	0.638783
1.52995	0.145963	0.638594
1.53194	0.149297	0.633947
1.56268	0.186361	0.582086
-1.99999	0.699988	8.47487e-006
-1.89994	0.699933	4.63896e-005
-1.79977	0.6997	0.000207877
-1.69927	0.698899	0.00076243
-1.59818	0.696696	0.00228771
-1.49641	0.691895	0.00561205
-1.39458	0.683752	0.0112506
-1.29402	0.673366	0.0184422
-1.19587	0.664231	0.0247669
-1.09975	0.660551	0.0273147
-1.00362	0.664223	0.0247658
-0.905078	0.673275	0.0184344
-0.800978	0.682969	0.0112185
-0.678435	0.686489	0.0055648
-0.488552	0.668267	0.00254288
-0.162322	0.599729	0.00243031
0.115639	0.520453	0.0037272
0.15385	0.507219	0.0039875
0.153996	0.507157	0.00398877
0.153996	0.507157	0.00398877
0.153996	0.507157	0.00398878
0.153996	0.507157	0.0039888
0.153996	0.507157	0.00398884
0.153996	0.507157	0.00398892
0.153996	0.507157	0.00398902
0.153996	0.507157	0.0039891
0.153996	0.507157	0.00398914
0.154172	0.507217	0.00398918
0.19962	0.519232	0.00499472
0.542903	0.572282	0.0337046
0.996135	0.540016	0.151687
1.30207	0.398245	0.342626
1.45891	0.257897	0.510213
1.51347	0.185197	0.594442
1.52641	0.161438	0.621535
1.52939	0.156631	0.627031
1.53177	0.161726	0.62159
1.54133	0.186211	0.594856
1.58209	0.260017	0.512756
1.69299	0.400104	0.35341
-2	0.799998	1.26758e-006
-1.89999	0.799989	6.93864e-006
-1.79997	0.79995	3.10962e-005
-1.69989	0.799817	0.000114094
-1.59973	0.799451	0.000342695
-1.49946	0.79865	0.000842562
-1.39918	0.797284	0.00169557
-1.29909	0.795526	0.0027931
-1.19937	0.793965	0.00376738
-1.09996	0.793331	0.00416229
-1.00052	0.793955	0.00376739
-0.900509	0.795431	0.00279349
-0.798222	0.796504	0.00170174
-0.685296	0.793453	0.000898684
-0.52957	0.772042	0.000684684
-0.266814	0.695405	0.00149677
0.044242	0.56513	0.00320556
0.150508	0.509404	0.00395827
0.153994	0.507158	0.00398875
0.153996	0.507157	0.00398877
0.153996	0.507157	0.00398877
0.153996	0.507157	0.00398878
0.153996	0.507157	0.0039888
0.153996	0.507157	0.00398883
0.153996	0.507157	0.00398887
0.153996	0.507157	0.00398891
0.153999	0.507158	0.0039889
0.158177	0.509384	0.00396735
0.282551	0.563903	0.00421903
0.644962	0.68352	0.0134266
0.963414	0.725657	0.0497483
1.1728	0.679601	0.123708
1.32567	0.588906	0.227705
1.43085	0.49523	0.330669
1.4914	0.432317	0.400208
1.52562	0.416087	0.423746
1.55563	0.450752	0.400315
1.60253	0.532681	0.330977
1.68497	0.638421	0.228596
1.8056	0.727355	0.126176
-2	0.9	1.55224e-007
-1.9	0.899999	8.49685e-007
-1.8	0.899993	3.80802e-006
-1.69999	0.899975	1.39726e-005
-1.59997	0.899926	4.19752e-005
-1.49993	0.899818	0.000103237
-1.3999	0.899634	0.000207877
-1.29989	0.899397	0.000342695
-1.19992	0.899186	0.000462547
-1.09999	0.8991	0.000511178
-1.00005	0.89918	0.000462605
-0.899933	0.899333	0.000343298
-0.798823	0.899111	0.000212976
-0.692472	0.89633	0.00013812
-0.564066	0.881202	0.000232034
-0.371364	0.822747	0.000802647
-0.0939812	0.683088	0.00221895
0.113467	0.542285	0.00364109
0.153074	0.508185	0.00397897
0.153995	0.507159	0.00398875
0.153996	0.507157	0.00398877
0.153996	0.507157	0.00398877
0.153996	0.507157	0.00398878
0.153996	0.507157	0.00398879
0.153996	0.507157	0.0039888
0.153999	0.507159	0.00398879
0.155157	0.508184	0.00397916
0.202698	0.542217	0.0036648
0.443867	0.682741	0.00273836
0.760098	0.82264	0.00420454
0.984182	0.884728	0.0122798
1.14867	0.913337	0.0305826
1.29496	0.945764	0.0605656
1.41809	0.987535	0.096966
1.50189	1.02856	0.127431
1.5504	1.06756	0.139432
1.58299	1.10986	0.127883
1.62049	1.14432	0.0978481
1.68294	1.142	0.0617253
1.7844	1.08894	0.0317754
-2	1	1.55625e-008
-1.9	1	8.51885e-008
-1.8	0.999999	3.81788e-007
-1.7	0.999997	1.40089e-006
-1.6	0.999992	4.20851e-006
-1.49999	0.99998	1.03512e-005
-1.39999	0.99996	2.08446e-005
-1.29999	0.999934	3.43666e-005
-1.19999	0.999911	4.63898e-005
-1.1	0.999901	5.12707e-005
-0.999999	0.999908	4.64202e-005
-0.89994	0.999902	3.46726e-005
-0.79949	0.999694	2.33501e-005
-0.696901	0.998207	2.71101e-005
-0.585116	0.990367	9.52187e-005
-0.444084	0.958305	0.000393889
-0.245087	0.863484	0.00126473
-0.0154395	0.693134	0.00273242
0.122697	0.551944	0.00377184
0.152086	0.511077	0.00398216
0.153949	0.507325	0.00398914
0.153995	0.507167	0.00398883
0.153997	0.50716	0.00398879
0.153999	0.507167	0.00398883
0.154074	0.507325	0.00398915
0.156618	0.511077	0.00398218
0.193537	0.551934	0.00377275
0.358239	0.693272	0.00275228
0.622935	0.86579	0.00143469
0.853936	0.972186	0.00119677
1.0407	1.04384	0.00272924
1.22778	1.14647	0.00668906
1.4084	1.29591	0.0134069
1.52825	1.43045	0.0216274
1.57558	1.4977	0.0285275
1.5878	1.52017	0.0312771
1.59138	1.53205	0.0287487
1.59551	1.54039	0.0223357
1.60962	1.52789	0.0149018
1.66078	1.45747	0.00868279
-2	1.1	1.27745e-009
-1.9	1.1	6.9927e-009
-1.8	1.1	3.13391e-008
-1.7	1.1	1.14992e-007
-1.6	1.1	3.45456e-007
-1.5	1.1	8.49685e-007
-1.4	1.1	1.71106e-006
-1.3	1.09999	2.82106e-006
-1.2	1.09999	3.8082e-006
-1.1	1.09999	4.21118e-006
-0.999998	1.09999	3.84052e-006
-0.899976	1.09998	3.14529e-006
-0.799817	1.0999	4.35862e-006
-0.698903	1.09935	1.85358e-005
-0.594707	1.09644	9.66988e-005
-0.479661	1.08419	0.000423243
-0.339302	1.044	0.0014482
-0.1662	0.946991	0.00360109
0.00434866	0.790953	0.00594987
0.109515	0.640621	0.00645832
0.145569	0.557161	0.00553436
0.153153	0.527886	0.00481981
0.154923	0.521631	0.00461715
0.157531	0.527885	0.00481976
0.169164	0.55716	0.00553418
0.217373	0.640618	0.00645798
0.345783	0.791032	0.00595086
0.543143	0.948131	0.00361534
0.742918	1.0521	0.00153984
0.930376	1.12267	0.000833948
1.14842	1.2266	0.00144961
1.3937	1.39837	0.00318703
1.55152	1.5462	0.00518328
1.59022	1.59178	0.00665771
1.59324	1.59474	0.00767945
1.59331	1.59409	0.00807951
1.59336	1.59502	0.00768167
1.59346	1.59726	0.00669973
1.59368	1.59953	0.00559159
1.597	1.5963	0.00469176
-2	1.2	8.58518e-011
-1.9	1.2	4.69948e-010
-1.8	1.2	2.10616e-009
-1.7	1.2	7.72813e-009
-1.6	1.2	2.32166e-008
-1.5	1.2	5.71036e-008
-1.4	1.2	1.14994e-007
-1.3	1.2	1.89623e-007
-1.2	1.2	2.56519e-007
-1.1	1.2	2.91735e-007
-0.999999	1.2	3.64339e-007
-0.899987	1.2	1.27097e-006
-0.799903	1.2	8.94517e-006
-0.699419	1.20002	5.90704e-005
-0.597184	1.20012	0.000322358
-0.489056	1.20049	0.00143132
-0.366444	1.20131	0.00508793
-0.221279	1.2002	0.0140093
-0.0648359	1.18387	0.0285124
0.0630364	1.12753	0.0417231
0.133665	1.03222	0.045965
0.161228	0.945382	0.0437175
0.173496	0.911904	0.0420161
0.189517	0.945379	0.0437171
0.227611	1.03222	0.0459642
0.312309	1.12755	0.0417223
0.453096	1.18418	0.0285149
0.622347	1.20298	0.0140366
0.797902	1.21815	0.00525389
1.01409	1.27349	0.00214812
1.30798	1.41144	0.00239894
1.54032	1.56035	0.00363259
1.592	1.60161	0.00408742
1.59368	1.60294	0.00423149
1.59369	1.60268	0.00435149
1.59369	1.60256	0.00440049
1.59369	1.60268	0.00435151
1.5937	1.60295	0.0042307
1.59372	1.60327	0.00409475
1.59373	1.6035	0.00398914
-2	1.3	4.72384e-012
-1.9	1.3	2.58581e-011
-1.8	1.3	1.15888e-010
-1.7	1.3	4.25227e-010
-1.6	1.3	1.27746e-009
-1.5	1.3	3.14222e-009
-1.4	1.3	6.33258e-009
-1.3	1.3	1.05501e-008
-1.2	1.3	1.62294e-008
-1.1	1.3	4.7521e-008
-0.999997	1.3	4.03415e-007
-0.899974	1.30001	3.89367e-006
-0.799807	1.30011	3.17147e-005
-0.698838	1.30074	0.000211881
-0.594352	1.30403	0.00115633
-0.478065	1.31781	0.00511661
-0.333592	1.36236	0.0179749
-0.150563	1.46495	0.0480259
0.0354644	1.6103	0.0926381
0.153969	1.70764	0.128361
0.195088	1.70693	0.140192
0.202546	1.6636	0.138747
0.203758	1.64186	0.136897
0.207039	1.66359	0.138747
0.219142	1.70692	0.140192
0.263146	1.70766	0.128361
0.379755	1.61062	0.0926419
0.568847	1.46851	0.0480714
0.79833	1.38598	0.0182775
1.10469	1.41666	0.0063823
1.45282	1.53847	0.00415922
1.58659	1.60076	0.00406003
1.59347	1.60375	0.00393707
1.5937	1.60367	0.00392373
1.59373	1.60364	0.00393264
1.59373	1.60363	0.00393738
1.59373	1.60364	0.0039325
1.59373	1.60367	0.00392031
1.59374	1.6037	0.00390651
1.59374	1.60372	0.00389574
-2	1.4	2.12805e-013
-1.9	1.4	1.16488e-012
-1.8	1.4	5.22066e-012
-1.7	1.4	1.91566e-011
-1.6	1.4	5.75659e-011
-1.5	1.4	1.42135e-010
-1.4	1.4	3.01005e-010
-1.3	1.4	8.2438e-010
-1.2	1.4	7.07587e-009
-1.1	1.4	9.65489e-008
-0.999992	1.4	1.1683e-006
-0.899926	1.40004	1.16466e-005
-0.79945	1.4003	9.50819e-005
-0.696692	1.40202	0.000634728
-0.583994	1.41096	0.00344647
-0.43915	1.44746	0.0149264
-0.22858	1.55516	0.0488394
0.0226428	1.74721	0.109552
0.179439	1.90123	0.159182
0.214089	1.9348	0.172204
0.215786	1.92246	0.171566
0.215219	1.90804	0.169894
0.214964	1.90217	0.1692
0.215223	1.90804	0.169894
0.21592	1.92246	0.171566
0.218806	1.9348	0.172204
0.252036	1.9013	0.159183
0.408117	1.74929	0.109592
0.718367	1.57572	0.0492314
1.1536	1.53894	0.0166709
1.51788	1.59393	0.00693577
1.58849	1.60491	0.00450444
1.59299	1.60394	0.00397996
1.59365	1.60376	0.00389974
1.59373	1.60374	0.00389081
1.59374	1.60374	0.00389045
1.59374	1.60374	0.00389008
1.59374	1.60374	0.00388896
1.59374	1.60374	0.00388755
1.59374	1.60375	0.00388636
-2	1.5	7.84894e-015
-1.9	1.5	4.2965e-014
-1.8	1.5	1.92576e-013
-1.7	1.5	7.07619e-013
-1.6	1.5	2.16628e-012
-1.5	1.5	6.66857e-012
-1.4	1.5	4.97701e-011
-1.3	1.5	8.88758e-010
-1.2	1.5	1.58608e-008
-1.1	1.5	2.35682e-007
-0.99998	1.50001	2.87088e-006
-0.899819	1.50008	2.86324e-005
-0.798654	1.50062	0.000233681
-0.691913	1.5041	0.00155651
-0.561324	1.52199	0.00835405
-0.359903	1.59074	0.0344771
-0.0606854	1.75529	0.0970153
0.170513	1.92203	0.160476
0.216489	1.96199	0.175952
0.217546	1.96129	0.176202
0.217437	1.95876	0.175903
0.217339	1.95651	0.175637
0.217299	1.9556	0.175529
0.217339	1.95651	0.175637
0.217437	1.95876	0.175903
0.21755	1.96129	0.176202
0.218697	1.96199	0.175952
0.264593	1.92238	0.160489
0.545888	1.76388	0.0973371
1.10053	1.64065	0.036346
1.50869	1.61734	0.0119248
1.58159	1.60693	0.00540731
1.59192	1.60423	0.004114
1.59351	1.60381	0.00391387
1.59372	1.60375	0.00388918
1.59374	1.60375	0.00388702
1.59374	1.60375	0.00388694
1.59374	1.60375	0.0038867
1.59374	1.60375	0.00388623
1.59374	1.60375	0.00388574
-2	1.6	2.37027e-016
-1.9	1.6	1.29815e-015
-1.8	1.6	5.85868e-015
-1.7	1.6	2.35119e-014
-1.6	1.6	1.52121e-013
-1.5	1.6	3.07266e-012
-1.4	1.6	7.9351e-011
-1.3	1.6	1.75491e-009
-1.2	1.6	3.18851e-008
-1.1	1.6	4.74431e-007
-0.99996	1.60001	5.77966e-006
-0.899635	1.60012	5.76389e-005
-0.797292	1.60097	0.00047014
-0.683794	1.60645	0.00311964
-0.524015	1.63393	0.0164162
-0.24584	1.72932	0.0625604
0.0935825	1.89179	0.14116
0.213564	1.96218	0.175238
0.217706	1.96497	0.176637
0.217698	1.96473	0.17661
0.217684	1.96442	0.176573
0.217672	1.96414	0.176541
0.217667	1.96403	0.176528
0.217672	1.96414	0.176541
0.217684	1.96442	0.176573
0.217698	1.96473	0.17661
0.217711	1.96497	0.176637
0.22187	1.96218	0.175239
0.366805	1.89194	0.141317
0.942676	1.73086	0.0641524
1.45251	1.63725	0.0198529
1.56943	1.61013	0.00693614
1.59008	1.60471	0.00434518
1.59329	1.60387	0.00394213
1.59369	1.60376	0.0038919
1.59373	1.60375	0.00388714
1.59374	1.60375	0.00388688
1.59374	1.60375	0.00388668
1.59374	1.60375	0.00388624
1.59374	1.60375	0.00388575
-2	1.7	5.87623e-018
-1.9	1.7	3.32802e-017
-1.8	1.7	2.16373e-016
-1.7	1.7	4.11486e-015
-1.6	1.7	1.46684e-013
-1.5	1.7	4.80893e-012
-1.4	1.7	1.30285e-010
-1.3	1.7	2.8919e-009
-1.2	1.7	5.25576e-008
-1.09999	1.7	7.82041e-007
-0.999934	1.70001	9.52697e-006
-0.899399	1.70014	9.50008e-005
-0.795539	1.70116	0.000774301
-0.67344	1.70768	0.00511287
-0.478562	1.73939	0.0262364
-0.131408	1.8362	0.0907286
0.173902	1.94639	0.164134
0.217539	1.96511	0.176604
0.217718	1.96519	0.176664
0.217717	1.96516	0.176661
0.217716	1.96513	0.176658
0.217714	1.9651	0.176655
0.217714	1.96509	0.176654
0.217714	1.9651	0.176655
0.217716	1.96513	0.176658
0.217717	1.96516	0.176661
0.217718	1.96519	0.176664
0.217898	1.96511	0.176604
0.269372	1.94514	0.164185
0.751315	1.80821	0.0918582
1.37155	1.66032	0.0294278
1.55389	1.61421	0.00888541
1.58771	1.60533	0.00464261
1.593	1.60394	0.00397859
1.59366	1.60377	0.00389543
1.59373	1.60375	0.00388727
1.59374	1.60375	0.00388672
1.59374	1.60375	0.00388651
1.59374	1.60375	0.00388612
1.59374	1.60375	0.00388568
-2	1.8	1.40653e-019
-1.9	1.8	2.27348e-018
-1.8	1.8	1.00914e-016
-1.7	1.8	4.8523e-015
-1.6	1.8	1.95863e-013
-1.5	1.8	6.4851e-012
-1.4	1.8	1.75826e-010
-1.3	1.8	3.90298e-009
-1.2	1.8	7.09333e-008
-1.09999	1.8	1.05546e-006
-0.999911	1.80001	1.28578e-005
-0.899189	1.80012	0.000128204
-0.793985	1.80098	0.00104422
-0.664337	1.80642	0.00686537
-0.440502	1.83222	0.0344592
-0.0536267	1.90275	0.109875
0.200366	1.96057	0.171703
0.217708	1.9652	0.176662
0.217719	1.96521	0.176666
0.217719	1.9652	0.176666
0.217719	1.9652	0.176667
0.217719	1.9652	0.176667
0.217719	1.9652	0.176667
0.217719	1.9652	0.176667
0.217719	1.9652	0.176667
0.217719	1.9652	0.176666
0.217719	1.96521	0.176666
0.21773	1.9652	0.176662
0.237191	1.9598	0.171719
0.604342	1.86635	0.110595
1.28519	1.68752	0.0373237
1.53999	1.6179	0.0105973
1.5856	1.60588	0.00490651
1.59274	1.60401	0.00401089
1.59364	1.60377	0.0038984
1.59373	1.60375	0.00388715
1.59374	1.60375	0.0038863
1.59374	1.60375	0.00388612
1.59374	1.60375	0.00388583
1.59374	1.60375	0.00388551
-2	1.9	2.6318e-020
-1.9	1.9	1.80551e-018
-1.8	1.9	1.08344e-016
-1.7	1.9	5.35026e-015
-1.6	1.9	2.16397e-013
-1.5	1.9	7.16606e-012
-1.4	1.9	1.94291e-010
-1.3	1.9	4.31286e-009
-1.2	1.9	7.83825e-008
-1.09999	1.9	1.16631e-006
-0.999902	1.90001	1.4208e-005
-0.899104	1.90005	0.000141662
-0.793355	1.90043	0.00115352
-0.660673	1.90279	0.0075707
-0.425672	1.9139	0.0376632
-0.0272684	1.94295	0.116363
0.205801	1.96395	0.173258
0.217716	1.96521	0.176665
0.217719	1.96521	0.176666
0.217719	1.96521	0.176667
0.217719	1.96521	0.176667
0.217719	1.96521	0.176668
0.217719	1.96521	0.176668
0.217719	1.96521	0.176668
0.217719	1.96521	0.176667
0.217719	1.96521	0.176667
0.217719	1.96521	0.176666
0.217722	1.96521	0.176665
0.23029	1.96345	0.173264
0.530114	1.909	0.116808
1.19632	1.73273	0.0400391
1.52961	1.62234	0.0112486
1.58475	1.60611	0.00501325
1.59263	1.60404	0.00402386
1.59363	1.60378	0.0038994
1.59373	1.60375	0.00388682
1.59374	1.60375	0.00388583
1.59374	1.60375	0.00388568
1.59374	1.60375	0.00388551
1.59374	1.60375	0.00388531
