-0.939101	-1.57718	0.198112
-0.991879	-1.72602	0.0153798
-0.994719	-1.73583	0.00506822
-0.99472	-1.73583	0.00506468
-0.99472	-1.73583	0.00506425
-0.99472	-1.73583	0.00506377
-0.99472	-1.73583	0.00506339
-0.99472	-1.73583	0.00506317
-0.99472	-1.73583	0.00506307
-0.99472	-1.73583	0.00506303
-0.99472	-1.73583	0.00506302
-0.99472	-1.73583	0.00506302
-0.99471	-1.73582	0.00506531
-0.967843	-1.71536	0.0119712
-0.507682	-1.36487	0.130257
0.135811	-0.874746	0.295668
0.382817	-0.686611	0.359161
0.435541	-0.646454	0.372714
0.443856	-0.640123	0.374852
0.444904	-0.639327	0.375122
0.445011	-0.639247	0.37515
0.445021	-0.639241	0.375153
0.445039	-0.639368	0.375162
0.451321	-0.692586	0.37955
0.501321	-1.11661	0.41453
0.551881	-1.54198	0.449465
0.5712	-1.68691	0.460547
0.584742	-1.71382	0.458699
0.632161	-1.70306	0.438708
0.823508	-1.64049	0.35557
1.29049	-1.48636	0.152486
1.61146	-1.3804	0.0128974
1.62938	-1.37449	0.00510314
1.62938	-1.37449	0.00510112
1.62938	-1.37449	0.00510074
1.62938	-1.37449	0.00510031
1.62938	-1.37449	0.00509997
1.62938	-1.37449	0.00509978
1.62938	-1.37449	0.00509969
1.62938	-1.37449	0.00509966
-0.945534	-1.44921	0.214624
-0.991769	-1.71083	0.0197104
-0.994718	-1.73581	0.00507491
-0.99472	-1.73583	0.00506452
-0.99472	-1.73583	0.00506413
-0.99472	-1.73583	0.00506369
-0.99472	-1.73583	0.00506336
-0.99472	-1.73583	0.00506316
-0.99472	-1.73583	0.00506307
-0.99472	-1.73583	0.00506303
-0.994717	-1.73583	0.00506302
-0.994712	-1.73582	0.00506302
-0.994671	-1.73577	0.00507022
-0.95541	-1.70585	0.0151578
-0.45471	-1.32446	0.143858
0.162135	-0.854616	0.302413
0.388614	-0.682108	0.360627
0.436432	-0.645696	0.372921
0.443961	-0.639984	0.374862
0.444911	-0.639286	0.375114
0.44501	-0.63923	0.375145
0.44502	-0.639234	0.37515
0.445026	-0.639247	0.375151
0.447239	-0.657828	0.376676
0.487351	-0.997512	0.404677
0.545494	-1.48599	0.444762
0.57054	-1.67453	0.459212
0.587276	-1.71107	0.45735
0.641562	-1.69974	0.434592
0.851626	-1.63118	0.343343
1.33233	-1.47252	0.134298
1.61794	-1.37821	0.010108
1.62938	-1.37449	0.00510237
1.62938	-1.37449	0.00510164
1.62938	-1.37449	0.00510112
1.62938	-1.37449	0.00510054
1.62938	-1.37449	0.00510009
1.62938	-1.37449	0.00509982
1.62938	-1.37449	0.0050997
1.62938	-1.37449	0.00509966
-0.955976	-1.14149	0.267971
-0.990168	-1.64411	0.0417667
-0.9947	-1.73539	0.00523495
-0.99472	-1.73583	0.00506413
-0.99472	-1.73583	0.00506384
-0.99472	-1.73583	0.00506352
-0.99472	-1.73583	0.00506327
-0.99472	-1.73583	0.00506312
-0.994719	-1.73583	0.00506305
-0.994712	-1.73582	0.00506303
-0.994691	-1.73578	0.00506302
-0.994634	-1.73569	0.00506302
-0.994038	-1.73512	0.00518381
-0.894375	-1.659	0.0307545
-0.298119	-1.2046	0.183952
0.229678	-0.802394	0.319555
0.402953	-0.670331	0.364068
0.438571	-0.643292	0.37325
0.444172	-0.63925	0.374753
0.444901	-0.638945	0.375012
0.444994	-0.639069	0.375091
0.445013	-0.63917	0.375128
0.445024	-0.639222	0.375143
0.44648	-0.651355	0.376139
0.482733	-0.958126	0.401417
0.543008	-1.46428	0.442942
0.570151	-1.66959	0.458728
0.587286	-1.71028	0.457246
0.638903	-1.70051	0.435739
0.834843	-1.63666	0.350653
1.2989	-1.48343	0.14888
1.6124	-1.37969	0.0127145
1.62938	-1.37449	0.00510397
1.62938	-1.37449	0.00510185
1.62938	-1.37449	0.00510128
1.62938	-1.37449	0.00510064
1.62938	-1.37449	0.00510014
1.62938	-1.37449	0.00509984
1.62938	-1.37449	0.00509971
1.62938	-1.37449	0.00509966
-0.954489	-0.825816	0.3558
-0.982537	-1.45718	0.112091
-0.994248	-1.72503	0.0092107
-0.99472	-1.73582	0.00506704
-0.99472	-1.73583	0.00506352
-0.99472	-1.73583	0.00506333
-0.99472	-1.73583	0.00506318
-0.994718	-1.73583	0.00506309
-0.994706	-1.73581	0.00506305
-0.994656	-1.73572	0.00506304
-0.994484	-1.73544	0.00506303
-0.994003	-1.73465	0.00506536
-0.981922	-1.72447	0.00792235
-0.70644	-1.51293	0.0783315
-0.0663789	-1.02349	0.242239
0.310268	-0.734855	0.338517
0.418729	-0.651519	0.366184
0.440424	-0.63573	0.37197
0.443988	-0.634829	0.373404
0.444632	-0.636381	0.374152
0.444848	-0.637804	0.374661
0.444952	-0.638655	0.374953
0.445003	-0.639054	0.375085
0.447232	-0.657774	0.376658
0.487346	-0.997495	0.404673
0.545462	-1.48599	0.444774
0.570232	-1.67461	0.459344
0.584779	-1.71186	0.458436
0.625591	-1.70495	0.441547
0.780255	-1.65454	0.374433
1.19008	-1.51789	0.196932
1.58369	-1.38509	0.0275374
1.6293	-1.3745	0.00514773
1.62938	-1.37449	0.00510164
1.62938	-1.37449	0.00510112
1.62938	-1.37449	0.00510054
1.62938	-1.37449	0.00510009
1.62938	-1.37449	0.00509982
1.62938	-1.37449	0.0050997
1.62938	-1.37449	0.00509966
-0.944211	-0.580227	0.448881
-0.966692	-1.09456	0.251348
-0.989131	-1.60796	0.0541746
-0.994556	-1.73208	0.00650586
-0.99472	-1.73582	0.00506678
-0.99472	-1.73583	0.00506332
-0.994718	-1.73583	0.0050633
-0.994703	-1.7358	0.00506328
-0.994624	-1.73567	0.00506323
-0.994291	-1.73512	0.00506318
-0.99314	-1.73321	0.00506595
-0.986559	-1.72501	0.00606018
-0.856605	-1.61893	0.0380674
-0.338748	-1.21434	0.168063
0.166437	-0.816902	0.293822
0.374105	-0.647137	0.343775
0.427294	-0.601905	0.356085
0.438195	-0.598345	0.36024
0.441083	-0.607916	0.364342
0.442734	-0.620041	0.368587
0.44389	-0.629653	0.371879
0.44456	-0.635329	0.373818
0.444885	-0.638062	0.374716
0.451276	-0.69221	0.379427
0.501303	-1.11649	0.414501
0.551832	-1.54195	0.449478
0.570743	-1.68703	0.460743
0.581007	-1.71501	0.460327
0.60793	-1.71092	0.449277
0.710655	-1.67648	0.405201
1.03384	-1.54595	0.278454
1.49841	-1.37955	0.0839509
1.62731	-1.37367	0.00675635
1.62938	-1.37449	0.00510129
1.62938	-1.37449	0.00510074
1.62938	-1.37449	0.00510031
1.62938	-1.37449	0.00509997
1.62938	-1.37449	0.00509978
1.62938	-1.37449	0.00509969
1.62938	-1.37449	0.00509966
-0.936741	-0.40931	0.514522
-0.949084	-0.691697	0.40607
-0.971017	-1.19353	0.213339
-0.989058	-1.60629	0.0548146
-0.994231	-1.72463	0.00936336
-0.994698	-1.73535	0.00524736
-0.994705	-1.73577	0.00507694
-0.994624	-1.73565	0.00506983
-0.994195	-1.73492	0.00507694
-0.992334	-1.73147	0.00524452
-0.982568	-1.71126	0.00858119
-0.870069	-1.58629	0.0389706
-0.429572	-1.23705	0.138563
0.066879	-0.814321	0.24757
0.321335	-0.556963	0.29325
0.397232	-0.444321	0.296863
0.413599	-0.410367	0.29491
0.419395	-0.427476	0.302543
0.425907	-0.477707	0.319971
0.433103	-0.538131	0.340635
0.438958	-0.587774	0.357584
0.442519	-0.617995	0.3679
0.444705	-0.636513	0.373077
0.465309	-0.811507	0.388865
0.522581	-1.29773	0.429395
0.559518	-1.60924	0.455108
0.57144	-1.70114	0.462287
0.577569	-1.7182	0.46215
0.594246	-1.71292	0.456792
0.673581	-1.65066	0.443581
0.939186	-1.44551	0.39701
1.35964	-1.30087	0.214948
1.60848	-1.35008	0.0292714
1.62949	-1.37402	0.00519547
1.62938	-1.37449	0.00510031
1.62938	-1.37449	0.00510005
1.62938	-1.37449	0.00509984
1.62938	-1.37449	0.00509972
1.62938	-1.37449	0.00509967
1.62938	-1.37449	0.00509965
-0.93297	-0.323023	0.54766
-0.937699	-0.431212	0.50611
-0.948868	-0.68675	0.407968
-0.966242	-1.08422	0.255315
-0.982099	-1.44699	0.115986
-0.990296	-1.6346	0.0439236
-0.992923	-1.69584	0.0203626
-0.993106	-1.70777	0.0155489
-0.990638	-1.6921	0.0203431
-0.978998	-1.61819	0.0431209
-0.905853	-1.38497	0.0954184
-0.549422	-0.982843	0.163562
0.0283364	-0.639378	0.221482
0.299343	-0.325441	0.219656
0.358503	-0.0963965	0.179409
0.361814	0.0339384	0.143525
0.360127	0.0760696	0.130677
0.365316	0.0365862	0.144409
0.37925	-0.0809607	0.184576
0.399659	-0.254117	0.24369
0.420008	-0.426872	0.302661
0.434349	-0.547727	0.343698
0.450073	-0.661409	0.367065
0.496385	-1.03534	0.402236
0.545174	-1.46243	0.440338
0.56697	-1.64983	0.45732
0.576157	-1.69414	0.463374
0.591977	-1.67885	0.470317
0.642774	-1.59491	0.490433
0.761691	-1.41398	0.525383
0.95593	-1.21762	0.519676
1.25159	-1.15173	0.363493
1.57667	-1.23432	0.0982454
1.63987	-1.34845	0.00722728
1.63022	-1.37283	0.00511058
1.62941	-1.37444	0.00510026
1.62938	-1.37449	0.00509976
1.62938	-1.37449	0.00509969
1.62938	-1.37449	0.00509967
1.62941	-1.37444	0.00509982
-0.931542	-0.290334	0.560213
-0.9329	-0.321366	0.548292
-0.93647	-0.402904	0.516966
-0.943567	-0.564993	0.454693
-0.953748	-0.797482	0.365363
-0.963922	-1.03018	0.275927
-0.970642	-1.18773	0.215244
-0.971668	-1.2394	0.194526
-0.962428	-1.17725	0.213932
-0.924953	-0.985315	0.266348
-0.76466	-0.619864	0.284088
-0.339972	-0.222223	0.227379
0.14134	0.0169672	0.153609
0.317731	0.231655	0.0764112
0.325062	0.368404	0.0308501
0.320787	0.414834	0.0153089
0.319745	0.424322	0.0121009
0.320864	0.414888	0.0153246
0.326292	0.368812	0.0310533
0.342831	0.228436	0.0789693
0.375034	-0.0416813	0.17101
0.417918	-0.335124	0.265883
0.481202	-0.584954	0.311663
0.545883	-0.901293	0.339056
0.577874	-1.16917	0.367238
0.591791	-1.2816	0.385056
0.634924	-1.31942	0.433635
0.712486	-1.31062	0.507643
0.799507	-1.23188	0.568709
0.887614	-1.12669	0.605168
0.994491	-1.0523	0.588977
1.21785	-1.02876	0.445515
1.59017	-1.06957	0.152748
1.70156	-1.21232	0.0136081
1.66026	-1.30774	0.00779888
1.63894	-1.35315	0.00622144
1.63276	-1.36686	0.00553635
1.6316	-1.36954	0.00535885
1.6328	-1.36713	0.00539306
1.63911	-1.35429	0.00560225
-0.931124	-0.280646	0.563924
-0.931444	-0.28757	0.561234
-0.932311	-0.306333	0.553944
-0.934166	-0.346409	0.538368
-0.937206	-0.412073	0.512831
-0.940844	-0.491727	0.481786
-0.943358	-0.557734	0.455682
-0.940722	-0.58041	0.444275
-0.919471	-0.53858	0.447173
-0.832853	-0.409179	0.439469
-0.545007	-0.108116	0.325418
-0.0648884	0.225338	0.141176
0.250833	0.389469	0.0357219
0.314284	0.438677	0.0079038
0.317258	0.444586	0.00522755
0.317322	0.44488	0.00509429
0.31733	0.444892	0.00508473
0.317334	0.444877	0.00508898
0.317375	0.444536	0.00520491
0.318407	0.436516	0.00791576
0.331595	0.352088	0.0356883
0.393788	0.0826997	0.116477
0.501466	-0.225887	0.188433
0.580098	-0.439072	0.222339
0.610548	-0.562974	0.239832
0.621756	-0.608805	0.25049
0.68743	-0.652635	0.338683
0.808814	-0.803831	0.502544
0.891397	-0.924969	0.600108
0.943732	-0.96918	0.633458
1.01524	-0.974036	0.611447
1.23109	-0.93135	0.476268
1.61749	-0.926967	0.189185
1.76441	-0.998327	0.0518629
1.73469	-1.0459	0.0566808
1.70343	-1.11299	0.0541585
1.68445	-1.17084	0.0454357
1.6792	-1.19887	0.0379697
1.68729	-1.19457	0.0331477
1.70941	-1.16276	0.0283543
-0.931051	-0.278143	0.56482
-0.931192	-0.278717	0.564396
-0.931576	-0.280261	0.563242
-0.93241	-0.283565	0.560748
-0.933805	-0.289004	0.556568
-0.935421	-0.295569	0.551268
-0.935579	-0.300298	0.546162
-0.92712	-0.296773	0.540486
-0.879594	-0.265383	0.522085
-0.693617	-0.144157	0.443966
-0.225793	0.170772	0.222341
0.212066	0.405554	0.0423996
0.311024	0.444703	0.00777561
0.316081	0.445223	0.00568701
0.316992	0.444988	0.00524587
0.317256	0.444919	0.00511805
0.317318	0.444902	0.00508805
0.317329	0.444899	0.00508237
0.317331	0.444899	0.00508152
0.317333	0.444893	0.00508328
0.317981	0.442604	0.0057518
0.342133	0.372881	0.0246696
0.451023	0.100383	0.0929874
0.565903	-0.169798	0.155852
0.616018	-0.292733	0.1828
0.631735	-0.325137	0.193107
0.689753	-0.275505	0.271546
0.80838	-0.357477	0.442092
0.896891	-0.633224	0.56845
0.954253	-0.835974	0.624151
1.03998	-0.882358	0.614703
1.27368	-0.775852	0.503737
1.61782	-0.715864	0.276768
1.76043	-0.646842	0.202579
1.74166	-0.535899	0.265111
1.72257	-0.496231	0.297427
1.71328	-0.519149	0.295429
1.71478	-0.57141	0.272251
1.72788	-0.642926	0.231477
1.75136	-0.740128	0.171401
-0.931173	-0.276514	0.565104
-0.93164	-0.272808	0.565415
-0.932918	-0.262659	0.566266
-0.935665	-0.240782	0.568108
-0.940191	-0.204416	0.571171
-0.945495	-0.159235	0.574867
-0.947806	-0.11946	0.577067
-0.934058	-0.095173	0.571415
-0.851806	-0.0631977	0.534263
-0.547652	0.0806221	0.392663
0.00373913	0.366299	0.135973
0.259629	0.454723	0.031759
0.296984	0.450238	0.0149396
0.310527	0.446686	0.00837846
0.315474	0.445387	0.00598153
0.316917	0.445008	0.00528231
0.317256	0.444919	0.00511808
0.31732	0.444902	0.0050869
0.31733	0.444899	0.00508215
0.317331	0.444899	0.00508165
0.317333	0.444894	0.00508292
0.31971	0.43927	0.00650968
0.379007	0.303434	0.0401334
0.519166	-0.0128612	0.117076
0.603586	-0.203129	0.162781
0.632237	-0.254601	0.180848
0.695897	-0.155934	0.264427
0.790318	-0.0428465	0.394288
0.86732	-0.247727	0.499404
0.959034	-0.585078	0.585437
1.11398	-0.649356	0.606564
1.36135	-0.495491	0.541444
1.62199	-0.326184	0.438131
1.7112	-0.137133	0.456977
1.70056	-0.0186075	0.516039
1.69451	0.00758042	0.531993
1.69273	0.000598471	0.530523
1.69349	-0.0147434	0.523457
1.69896	-0.0522054	0.503243
1.71573	-0.172408	0.439013
-0.931768	-0.271366	0.56563
-0.933802	-0.254111	0.567324
-0.939239	-0.207988	0.57185
-0.950318	-0.113944	0.58108
-0.966881	0.0270212	0.594903
-0.984242	0.177514	0.609523
-0.99485	0.287938	0.619253
-0.985956	0.334422	0.617034
-0.908016	0.338753	0.580054
-0.603151	0.410501	0.431346
-0.127098	0.521661	0.213464
0.108689	0.499501	0.106129
0.228487	0.468231	0.0481316
0.287098	0.452839	0.0197315
0.309025	0.44708	0.00910625
0.315474	0.445387	0.00598154
0.316992	0.444988	0.00524593
0.317281	0.444912	0.00510609
0.317325	0.4449	0.00508465
0.317331	0.444899	0.00508213
0.317331	0.444899	0.00508203
0.317433	0.444675	0.00514113
0.338768	0.397455	0.0170955
0.46752	0.111146	0.0876338
0.584224	-0.149412	0.150567
0.633814	-0.222552	0.18471
0.717386	-0.101165	0.29242
0.7994	0.0394995	0.399456
0.855281	0.0321916	0.452011
0.987692	-0.189679	0.529585
1.23321	-0.264529	0.58399
1.50818	-0.133142	0.565536
1.66913	0.014664	0.549338
1.6933	0.0736564	0.560628
1.69308	0.0787114	0.56304
1.69292	0.0762332	0.562131
1.69281	0.0737578	0.561182
1.69276	0.0727359	0.560788
1.69285	0.0734174	0.561005
1.6939	0.0678899	0.557819
-0.933802	-0.25408	0.567335
-0.940986	-0.193022	0.57335
-0.958712	-0.042374	0.588188
-0.988731	0.212769	0.613318
-1.02064	0.484171	0.640041
-1.04121	0.659855	0.6573
-1.04952	0.733887	0.664405
-1.04967	0.75304	0.665285
-1.03295	0.744436	0.656395
-0.932237	0.728407	0.605121
-0.658852	0.695358	0.476751
-0.305411	0.608437	0.306835
0.0184107	0.523402	0.149926
0.209605	0.47319	0.057281
0.287098	0.452839	0.0197315
0.310527	0.446686	0.00837849
0.316086	0.445226	0.00568498
0.317145	0.444948	0.00517189
0.317309	0.444905	0.00509289
0.317329	0.444899	0.00508326
0.317331	0.444899	0.00508253
0.317337	0.444887	0.00508661
0.325449	0.427924	0.0101139
0.431075	0.197975	0.0703398
0.566949	-0.103396	0.143542
0.649245	-0.169712	0.210826
0.749601	-0.0342545	0.337135
0.818163	0.067525	0.418218
0.877442	0.0958872	0.448383
1.04408	0.0750616	0.494505
1.38489	0.0637498	0.560782
1.64268	0.0697217	0.566454
1.69216	0.0821995	0.564688
1.69322	0.0831618	0.564795
1.6932	0.0828997	0.564694
1.69319	0.0825555	0.564561
1.69318	0.0822494	0.564443
1.69317	0.0821254	0.564396
1.69318	0.0822505	0.564444
1.69319	0.0825514	0.564558
-0.943428	-0.209256	0.569634
-0.958804	-0.0423937	0.588139
-0.99746	0.286923	0.620627
-1.03771	0.629034	0.654328
-1.05525	0.778074	0.66901
-1.05825	0.803619	0.671526
-1.05853	0.805924	0.671753
-1.05854	0.806111	0.671767
-1.05844	0.805996	0.6717
-1.05616	0.804984	0.670494
-1.02335	0.796662	0.654631
-0.833673	0.747176	0.562812
-0.399496	0.633153	0.352427
0.0184107	0.523402	0.149926
0.228487	0.468231	0.0481316
0.296991	0.450241	0.0149375
0.313593	0.445881	0.00689299
0.316772	0.445046	0.00535293
0.317263	0.444917	0.00511523
0.317325	0.444901	0.00508577
0.317331	0.444899	0.0050831
0.317333	0.444897	0.00508491
0.322405	0.436643	0.00954742
0.415382	0.25125	0.0719952
0.565194	-0.0478269	0.158625
0.68888	-0.0725947	0.272261
0.782956	0.0332324	0.383532
0.837343	0.0885505	0.434069
0.921212	0.101554	0.456957
1.16273	0.105024	0.496371
1.5478	0.111292	0.557019
1.68836	0.0850955	0.565035
1.69322	0.0834266	0.564896
1.69323	0.0834103	0.56489
1.69323	0.0833836	0.56488
1.69322	0.0833491	0.564866
1.69322	0.0833184	0.564854
1.69322	0.083306	0.564849
1.69322	0.0833185	0.564854
1.69322	0.0833494	0.564866
-1.09524	-0.158448	0.50397
-1.01611	0.204536	0.598293
-1.03998	0.628527	0.652903
-1.05713	0.793721	0.670501
-1.05855	0.806105	0.671771
-1.05856	0.806238	0.671785
-1.05857	0.806238	0.671785
-1.05857	0.806238	0.671785
-1.05857	0.806238	0.671785
-1.05856	0.806238	0.671785
-1.0584	0.806192	0.671704
-1.04266	0.802061	0.664079
-0.833672	0.747176	0.562811
-0.305399	0.608441	0.306831
0.108997	0.499612	0.106032
0.26784	0.457896	0.0290629
0.308154	0.447309	0.00952829
0.315955	0.44526	0.0057487
0.317163	0.444943	0.00516379
0.317315	0.444903	0.00509075
0.31733	0.444899	0.00508366
0.317335	0.444902	0.00509224
0.323462	0.443265	0.0151677
0.418771	0.318475	0.111447
0.595758	0.0780964	0.233583
0.73555	0.0455903	0.349736
0.806438	0.0834365	0.417568
0.853464	0.101472	0.444374
0.970893	0.103098	0.465472
1.2929	0.0971842	0.511346
1.64096	0.0922398	0.560989
1.69301	0.0835256	0.564904
1.69323	0.0834368	0.564901
1.69323	0.0834354	0.5649
1.69323	0.0834332	0.564899
1.69323	0.0834303	0.564897
1.69323	0.0834278	0.564896
1.69323	0.0834268	0.564895
1.69323	0.0834278	0.564896
1.69323	0.0834304	0.564897
-1.41878	0.0855287	0.350374
-1.15339	0.495409	0.567341
-1.06305	0.779394	0.664446
-1.05857	0.806115	0.671756
-1.05857	0.806238	0.671785
-1.05857	0.806238	0.671785
-1.05857	0.806238	0.671785
-1.05857	0.806238	0.671785
-1.05857	0.806238	0.671785
-1.05857	0.806238	0.671785
-1.05857	0.806238	0.671785
-1.0584	0.806193	0.671703
-1.02282	0.796851	0.654465
-0.649823	0.698894	0.473725
-0.0700521	0.546634	0.192792
0.219483	0.470596	0.0524946
0.298914	0.449736	0.014006
0.314561	0.445626	0.00642415
0.316992	0.444988	0.00524655
0.317297	0.444908	0.00509894
0.317329	0.4449	0.00508419
0.31739	0.445012	0.00525274
0.330347	0.464631	0.0393992
0.435565	0.474786	0.216786
0.621887	0.285713	0.349609
0.756714	0.155526	0.411123
0.815684	0.118738	0.43762
0.863434	0.109853	0.450228
1.00951	0.103783	0.471624
1.38084	0.093904	0.522965
1.67231	0.0867316	0.56321
1.69321	0.0834444	0.564899
1.69323	0.0834377	0.564901
1.69323	0.0834375	0.564901
1.69323	0.0834373	0.5649
1.69323	0.0834371	0.5649
1.69323	0.0834369	0.564899
1.69323	0.0834369	0.564899
1.69323	0.0834369	0.564899
1.69323	0.0834371	0.564899
-1.50666	0.588367	0.319124
-1.15389	0.745368	0.594511
-1.06009	0.80509	0.670488
-1.05857	0.806238	0.671785
-1.05857	0.806238	0.671785
-1.05857	0.806238	0.671785
-1.05857	0.806238	0.671785
-1.05857	0.806238	0.671785
-1.05857	0.806238	0.671785
-1.05857	0.806238	0.671785
-1.05857	0.806238	0.671785
-1.05856	0.806238	0.671785
-1.05524	0.805365	0.670174
-0.872711	0.757429	0.581728
-0.260937	0.596764	0.285287
0.159757	0.486281	0.0814356
0.287098	0.452839	0.0197315
0.312767	0.446098	0.00729351
0.316772	0.445046	0.00535309
0.317275	0.444914	0.00510936
0.317328	0.444902	0.00508806
0.318738	0.447646	0.00915934
0.353308	0.514848	0.109135
0.446348	0.644493	0.340104
0.592089	0.523333	0.448205
0.737936	0.28545	0.456165
0.810147	0.165086	0.452439
0.863966	0.124092	0.454691
1.02151	0.107109	0.474305
1.40897	0.0942481	0.527208
1.67881	0.0860235	0.563861
1.69322	0.0834405	0.564899
1.69323	0.0834377	0.5649
1.69323	0.0834376	0.5649
1.69323	0.0834376	0.5649
1.69323	0.0834376	0.5649
1.69323	0.0834376	0.5649
1.69323	0.0834376	0.564899
1.69323	0.0834376	0.564899
1.69323	0.0834376	0.564899
-1.46452	0.777501	0.357767
-1.11428	0.800877	0.628443
-1.0588	0.806212	0.6716
-1.05857	0.806238	0.671785
-1.05857	0.806238	0.671785
-1.05857	0.806238	0.671785
-1.05857	0.806238	0.671785
-1.05857	0.806238	0.671785
-1.05857	0.806238	0.671785
-1.05857	0.806238	0.671785
-1.05857	0.806238	0.671785
-1.05857	0.806238	0.671785
-1.05816	0.806133	0.671591
-0.966388	0.782031	0.62712
-0.399496	0.633153	0.352427
0.108997	0.499612	0.106032
0.276677	0.455575	0.0247807
0.311173	0.446516	0.00806555
0.316576	0.445097	0.00544777
0.317257	0.444921	0.00512206
0.317821	0.445869	0.00652198
0.333933	0.47732	0.0532
0.400211	0.606744	0.245283
0.468014	0.735712	0.438825
0.540495	0.720886	0.513976
0.684154	0.491994	0.503856
0.786432	0.28252	0.477737
0.851239	0.175323	0.464876
1.00024	0.124168	0.47519
1.37676	0.102384	0.525382
1.67243	0.0884605	0.563928
1.69321	0.0834446	0.5649
1.69323	0.0834377	0.5649
1.69323	0.0834376	0.5649
1.69323	0.0834376	0.5649
1.69323	0.0834376	0.5649
1.69323	0.0834376	0.5649
1.69323	0.0834376	0.564899
1.69323	0.0834376	0.564899
1.69323	0.0834376	0.564899
-1.44009	0.811781	0.377388
-1.10145	0.806822	0.638608
-1.05867	0.80624	0.671706
-1.05857	0.806238	0.671785
-1.05857	0.806238	0.671785
-1.05857	0.806238	0.671785
-1.05857	0.806238	0.671785
-1.05857	0.806238	0.671785
-1.05857	0.806238	0.671785
-1.05857	0.806238	0.671785
-1.05857	0.806238	0.671785
-1.05857	0.806238	0.671785
-1.0584	0.806198	0.671709
-0.989201	0.78819	0.63841
-0.448585	0.646108	0.376307
0.08901	0.504868	0.115728
0.272473	0.456682	0.0268218
0.310531	0.446693	0.00838972
0.31656	0.445243	0.00567152
0.318735	0.447825	0.0094323
0.334314	0.478078	0.0543254
0.387955	0.582815	0.209768
0.453103	0.710031	0.398575
0.490184	0.782373	0.505948
0.514856	0.808691	0.546159
0.616653	0.768054	0.56027
0.737048	0.575736	0.53707
0.818022	0.351137	0.499474
0.949286	0.195516	0.48405
1.29052	0.140436	0.525932
1.64215	0.101216	0.564584
1.69302	0.0835543	0.56491
1.69323	0.0834376	0.5649
1.69323	0.0834376	0.5649
1.69323	0.0834376	0.5649
1.69323	0.0834376	0.5649
1.69323	0.0834376	0.564899
1.69323	0.0834376	0.564899
1.69323	0.0834376	0.564899
1.69323	0.0834376	0.564899
-1.4692	0.81863	0.354649
-1.11419	0.808535	0.628548
-1.05878	0.806256	0.671613
-1.05857	0.806238	0.671785
-1.05857	0.806238	0.671785
-1.05857	0.806238	0.671785
-1.05857	0.806238	0.671785
-1.05857	0.806238	0.671785
-1.05857	0.806238	0.671785
-1.05857	0.806238	0.671785
-1.05857	0.806238	0.671785
-1.05857	0.806238	0.671785
-1.05825	0.806209	0.671671
-0.969471	0.788516	0.63495
-0.398367	0.647116	0.371462
0.112437	0.508669	0.119138
0.280013	0.462503	0.0350027
0.316389	0.456814	0.0233333
0.329942	0.471242	0.044243
0.355275	0.519178	0.115327
0.402728	0.611679	0.252607
0.454492	0.712748	0.402607
0.487841	0.77787	0.499257
0.502167	0.805831	0.540758
0.510242	0.821054	0.556177
0.574112	0.922784	0.590787
0.677444	0.969314	0.616498
0.759059	0.742015	0.577945
0.881192	0.424006	0.528053
1.1739	0.265094	0.54899
1.5534	0.151134	0.570264
1.68865	0.0863854	0.565104
1.69323	0.08344	0.564899
1.69323	0.0834376	0.5649
1.69323	0.0834376	0.564899
1.69323	0.0834376	0.564899
1.69323	0.0834376	0.564899
1.69323	0.0834376	0.564899
1.69323	0.0834376	0.564899
1.69323	0.0834376	0.564899
-1.54674	0.825035	0.293414
-1.1619	0.814051	0.590065
-1.05987	0.806556	0.670657
-1.05857	0.806238	0.671785
-1.05857	0.806238	0.671785
-1.05857	0.806238	0.671785
-1.05857	0.806238	0.671785
-1.05857	0.806238	0.671785
-1.05857	0.806238	0.671785
-1.05857	0.806238	0.671785
-1.05857	0.806238	0.671785
-1.05856	0.806238	0.671785
-1.05736	0.806746	0.671431
-0.935991	0.810991	0.635787
-0.325716	0.733031	0.449794
0.180021	0.622352	0.269526
0.340632	0.579676	0.204774
0.382473	0.586861	0.215539
0.409074	0.626192	0.274069
0.440408	0.685513	0.362171
0.470878	0.744773	0.450134
0.492039	0.786071	0.511428
0.502723	0.806933	0.54239
0.506867	0.815018	0.554391
0.510378	0.821816	0.559469
0.565301	0.928483	0.591702
0.656446	1.09835	0.642388
0.70901	1.0974	0.649974
0.807513	0.833669	0.613407
1.04457	0.513618	0.597339
1.38393	0.276815	0.586592
1.64503	0.119355	0.565865
1.69273	0.0844545	0.564566
1.69323	0.08344	0.564898
1.69323	0.0834376	0.564899
1.69323	0.0834376	0.564899
1.69323	0.0834376	0.564899
1.69323	0.0834376	0.564899
1.69323	0.0834376	0.564899
1.69323	0.08344	0.564898
-1.63985	0.837479	0.217537
-1.24733	0.836192	0.515877
-1.06475	0.812267	0.664539
-1.05855	0.806281	0.671778
-1.05857	0.806238	0.671785
-1.05857	0.806238	0.671785
-1.05857	0.806238	0.671785
-1.05857	0.806238	0.671785
-1.05857	0.806238	0.671785
-1.05857	0.806238	0.671785
-1.05857	0.806238	0.671785
-1.05854	0.806282	0.671782
-1.05209	0.815034	0.670633
-0.944152	0.890451	0.647984
-0.452397	0.906346	0.567789
0.138825	0.808581	0.482962
0.390501	0.754523	0.448269
0.45718	0.748478	0.452402
0.478036	0.763352	0.477186
0.490541	0.783725	0.507877
0.499512	0.800721	0.533163
0.504856	0.811103	0.548578
0.50736	0.815988	0.55583
0.508307	0.817835	0.558569
0.51194	0.824905	0.561351
0.572274	0.942492	0.596076
0.659029	1.11035	0.645495
0.695869	1.17092	0.664118
0.736564	1.11403	0.660503
0.901613	0.81699	0.638169
1.18313	0.472843	0.607463
1.50617	0.242225	0.563138
1.68475	0.117978	0.550061
1.6946	0.0863467	0.562752
1.69329	0.083561	0.564806
1.69323	0.083445	0.564894
1.69323	0.08344	0.564898
1.69323	0.083445	0.564894
1.69329	0.0835612	0.564806
1.69472	0.0863487	0.562703
-1.6993	0.858288	0.163621
-1.3067	0.894367	0.446187
-1.05543	0.858057	0.652206
-1.0564	0.810543	0.6716
-1.05854	0.806284	0.671784
-1.05856	0.806238	0.671785
-1.05857	0.806238	0.671785
-1.05857	0.806238	0.671785
-1.05857	0.806238	0.671785
-1.05856	0.806238	0.671785
-1.05854	0.806284	0.671784
-1.0563	0.810529	0.671605
-1.02557	0.866292	0.668683
-0.939134	1.00295	0.65799
-0.682148	1.05686	0.631207
-0.0518491	0.934752	0.578665
0.353573	0.838493	0.546664
0.473372	0.811015	0.5402
0.498961	0.808861	0.54399
0.504813	0.812155	0.549983
0.506971	0.815343	0.554856
0.508018	0.817282	0.557748
0.508485	0.818185	0.559089
0.508683	0.81857	0.559608
0.518213	0.837167	0.565197
0.593246	0.983583	0.608199
0.668497	1.12998	0.651195
0.695314	1.17892	0.665772
0.708236	1.17977	0.667703
0.786233	1.04794	0.656655
1.01763	0.692458	0.622036
1.33694	0.417894	0.556417
1.66448	0.257915	0.484773
1.72938	0.15819	0.509426
1.70655	0.109723	0.545159
1.69846	0.093835	0.55712
1.69681	0.090592	0.559563
1.69845	0.0939078	0.557101
1.70652	0.110003	0.545086
1.73119	0.158877	0.508451
-1.70374	0.883806	0.149435
-1.27492	0.977994	0.434869
-0.992275	0.976961	0.649743
-1.0273	0.867348	0.669614
-1.05359	0.815952	0.671442
-1.0581	0.807142	0.671753
-1.05851	0.806347	0.671781
-1.05854	0.806284	0.671784
-1.05851	0.806347	0.671781
-1.0581	0.807142	0.671753
-1.05359	0.815949	0.671439
-1.02717	0.86729	0.669569
-0.966123	0.984879	0.665045
-0.90613	1.09734	0.660073
-0.810319	1.13608	0.652127
-0.266495	1.0136	0.612141
0.276657	0.875734	0.572774
0.462316	0.828196	0.559795
0.501035	0.818823	0.557884
0.507386	0.817903	0.558407
0.5084	0.818206	0.559094
0.508627	0.818479	0.559523
0.508704	0.818613	0.559724
0.509524	0.820214	0.560255
0.539616	0.878956	0.577509
0.625209	1.04603	0.626533
0.680202	1.15323	0.65799
0.696869	1.18466	0.667253
0.702551	1.18882	0.668653
0.730737	1.15476	0.662632
0.90307	0.909792	0.625765
1.20556	0.59555	0.553749
1.61422	0.414934	0.428891
1.80637	0.331908	0.384983
1.7847	0.275025	0.425463
1.76358	0.237257	0.455398
1.75621	0.226311	0.465066
1.76283	0.243651	0.453761
1.78323	0.287581	0.422247
1.81389	0.347188	0.37712
-1.67996	0.904913	0.158535
-1.2062	1.0439	0.459072
-0.923262	1.09413	0.652457
-0.953789	1.01092	0.664555
-1.0017	0.917317	0.667863
-1.03271	0.856745	0.670002
-1.04574	0.831288	0.670901
-1.04892	0.825082	0.67112
-1.04574	0.831288	0.670901
-1.03271	0.856745	0.670001
-1.00169	0.917313	0.667859
-0.953743	1.01089	0.664534
-0.908587	1.09882	0.661366
-0.881776	1.15065	0.659416
-0.847081	1.16533	0.656826
-0.411843	1.05813	0.62549
0.208298	0.896895	0.580942
0.448132	0.834247	0.563774
0.499425	0.820903	0.5602
0.507549	0.818866	0.559737
0.508598	0.818661	0.559754
0.50872	0.818671	0.5598
0.508968	0.819134	0.559955
0.521188	0.842987	0.566961
0.585782	0.969084	0.603958
0.658126	1.1103	0.645386
0.689961	1.17238	0.663587
0.698561	1.18871	0.668344
0.701358	1.19122	0.668933
0.712871	1.18729	0.66446
0.827593	1.12722	0.616143
1.09216	0.86994	0.540063
1.50292	0.578132	0.422432
1.82431	0.482071	0.309531
1.84463	0.498671	0.299817
1.83	0.529752	0.300573
1.82173	0.563442	0.29536
1.82267	0.59198	0.284646
1.83239	0.603121	0.27305
1.84752	0.586568	0.266842
-1.66887	0.913592	0.16325
-1.17707	1.07115	0.469585
-0.890761	1.15232	0.652453
-0.896137	1.12353	0.660579
-0.921045	1.07488	0.662298
-0.9476	1.023	0.664131
-0.966877	0.985346	0.665461
-0.973709	0.972	0.665932
-0.966876	0.985346	0.665461
-0.9476	1.023	0.664131
-0.921043	1.07487	0.662298
-0.896129	1.12353	0.660577
-0.879495	1.156	0.659423
-0.871319	1.17191	0.658849
-0.853156	1.1738	0.657476
-0.460735	1.07273	0.629314
0.181624	0.904512	0.583273
0.442181	0.836138	0.564574
0.498569	0.821351	0.560536
0.507487	0.819029	0.559906
0.508632	0.818787	0.559844
0.509479	0.820189	0.560258
0.520901	0.842462	0.566795
0.570999	0.940251	0.595489
0.640327	1.07557	0.635192
0.681587	1.15609	0.658804
0.696	1.1841	0.666978
0.699819	1.19107	0.668869
0.701643	1.19233	0.6687
0.709733	1.19518	0.664054
0.79359	1.27218	0.601755
1.00142	1.2562	0.498554
1.36016	0.935221	0.403728
1.74916	0.742319	0.265623
1.82868	0.860698	0.185723
1.80859	1.02584	0.144263
1.79472	1.13555	0.116935
1.7907	1.17772	0.105392
1.79623	1.1508	0.110417
1.81121	1.04627	0.135048
-1.69181	0.907714	0.148271
-1.21507	1.06448	0.443435
-0.887597	1.16898	0.647756
-0.874043	1.1667	0.659052
-0.880765	1.15356	0.65952
-0.889074	1.13733	0.660093
-0.896136	1.12353	0.660581
-0.898917	1.1181	0.660773
-0.896136	1.12353	0.660582
-0.889074	1.13733	0.660094
-0.880765	1.15356	0.659521
-0.874037	1.1667	0.659056
-0.869981	1.17462	0.658775
-0.868093	1.1783	0.658643
-0.849809	1.17509	0.656724
-0.446378	1.06898	0.625546
0.201982	0.907588	0.583541
0.450956	0.840352	0.565816
0.501502	0.825051	0.561611
0.51062	0.825016	0.56162
0.517353	0.835958	0.564812
0.537871	0.875803	0.576492
0.583471	0.964782	0.602605
0.638963	1.07306	0.634392
0.676977	1.14719	0.656159
0.693602	1.17951	0.665624
0.698992	1.18968	0.668478
0.700939	1.19233	0.668778
0.70365	1.19342	0.667432
0.716805	1.20177	0.658447
0.813103	1.31744	0.579599
1.01054	1.4402	0.446359
1.31724	1.35122	0.311063
1.66262	1.2395	0.158572
1.76905	1.36796	0.0550808
1.7629	1.47981	0.0219091
1.75883	1.5134	0.0134016
1.75812	1.52073	0.0114087
1.75898	1.51648	0.0122077
1.76319	1.4842	0.0201453
-1.74195	0.895366	0.11541
-1.32103	1.0355	0.374841
-0.914168	1.16599	0.628556
-0.868509	1.17765	0.65861
-0.869715	1.17515	0.658757
-0.871359	1.17193	0.658871
-0.872809	1.1691	0.658971
-0.873394	1.16796	0.659012
-0.872809	1.1691	0.658972
-0.871359	1.17193	0.658872
-0.869715	1.17515	0.658758
-0.86843	1.17766	0.658669
-0.867673	1.17913	0.658616
-0.867284	1.17985	0.65858
-0.839793	1.18161	0.653348
-0.482148	1.0961	0.612959
0.149674	0.975439	0.59091
0.497314	0.942805	0.593844
0.553173	0.924429	0.590396
0.566794	0.935154	0.593644
0.587914	0.9745	0.605107
0.619965	1.03694	0.623377
0.6542	1.10366	0.642989
0.679529	1.15285	0.657526
0.692908	1.17864	0.665198
0.698308	1.18873	0.668169
0.700433	1.19193	0.668812
0.702583	1.19323	0.667962
0.708977	1.19541	0.664062
0.742264	1.22104	0.639862
0.893936	1.37491	0.521104
1.16309	1.50042	0.344645
1.50571	1.51103	0.154282
1.72191	1.51821	0.0323732
1.7564	1.53737	0.00678115
1.75704	1.5403	0.00542758
1.75702	1.54031	0.00543721
1.75703	1.54042	0.00539318
1.75704	1.5407	0.00528813
1.75707	1.54088	0.00519996
-1.75132	0.973881	0.0779323
-1.43379	1.06367	0.277954
-0.98411	1.17015	0.571968
-0.868482	1.18052	0.657226
-0.867538	1.1794	0.658607
-0.867788	1.17891	0.658624
-0.86801	1.17848	0.65864
-0.8681	1.1783	0.658646
-0.86801	1.17848	0.65864
-0.867788	1.17891	0.658625
-0.867538	1.1794	0.658607
-0.867344	1.17978	0.658594
-0.867229	1.18	0.658585
-0.866236	1.18162	0.65818
-0.821553	1.22731	0.642851
-0.575379	1.21355	0.594498
-0.0814901	1.07955	0.584262
0.454067	1.09419	0.627147
0.631457	1.09674	0.639
0.649707	1.10132	0.641218
0.661369	1.12125	0.646758
0.674498	1.14699	0.654063
0.686034	1.16921	0.660693
0.693713	1.18322	0.665225
0.697768	1.18981	0.667665
0.699733	1.19218	0.668631
0.701376	1.19305	0.668439
0.705316	1.19433	0.666249
0.720268	1.20053	0.65664
0.80285	1.27366	0.594274
1.04387	1.44893	0.420957
1.41524	1.53293	0.19643
1.70432	1.54028	0.03467
1.75618	1.54132	0.00553684
1.75707	1.54141	0.00501513
1.75707	1.54138	0.00502501
1.75707	1.54137	0.00502917
1.75707	1.54138	0.00502476
1.75707	1.54141	0.00501409
1.75707	1.54144	0.00500211
-1.70811	1.12886	0.0500132
-1.48644	1.17188	0.192811
-1.05864	1.23049	0.481899
-0.866028	1.20086	0.646289
-0.866962	1.18053	0.658462
-0.867231	1.18	0.658586
-0.867258	1.17995	0.658588
-0.867269	1.17992	0.658589
-0.867258	1.17995	0.658588
-0.867231	1.18	0.658586
-0.8672	1.18006	0.658584
-0.867176	1.18011	0.658582
-0.866913	1.18061	0.658461
-0.853988	1.20488	0.652337
-0.783093	1.32756	0.620466
-0.646142	1.38766	0.580607
-0.308322	1.23895	0.578141
0.221481	1.18564	0.629271
0.604031	1.17792	0.656468
0.680476	1.17607	0.65911
0.686405	1.1826	0.659368
0.689371	1.19054	0.660349
0.692324	1.19602	0.662041
0.695042	1.19788	0.664102
0.697302	1.19714	0.666053
0.699251	1.1956	0.667352
0.7019	1.19474	0.667249
0.709252	1.19659	0.663326
0.74786	1.22873	0.634851
0.904904	1.37037	0.515677
1.23031	1.50863	0.30405
1.62467	1.54192	0.0782007
1.75375	1.54153	0.00681611
1.75707	1.54149	0.00498689
1.75707	1.54148	0.00498699
1.75707	1.54148	0.00498754
1.75707	1.54148	0.00498764
1.75707	1.54148	0.00498714
1.75707	1.54148	0.0049862
1.75707	1.54149	0.0049852
-1.68824	1.19881	0.0368813
-1.49709	1.24314	0.151232
-1.05973	1.32887	0.42219
-0.820928	1.29868	0.618216
-0.854383	1.20509	0.65234
-0.866342	1.18173	0.658182
-0.86714	1.18018	0.65857
-0.867164	1.18013	0.658581
-0.867163	1.18013	0.658581
-0.86716	1.18014	0.65858
-0.867134	1.18019	0.658569
-0.866335	1.18174	0.658181
-0.854339	1.20509	0.652341
-0.803012	1.3044	0.627462
-0.732269	1.43833	0.593703
-0.67029	1.50324	0.570422
-0.452765	1.42245	0.557594
-0.0561671	1.29863	0.59827
0.3704	1.23079	0.642325
0.627883	1.21526	0.652994
0.679329	1.22293	0.649278
0.679505	1.23228	0.645269
0.679544	1.23513	0.644788
0.682788	1.22988	0.648402
0.68808	1.21948	0.654457
0.69384	1.20875	0.660255
0.700844	1.20295	0.662453
0.724601	1.22472	0.646998
0.813777	1.32962	0.574871
1.01561	1.46996	0.431544
1.39128	1.53716	0.208403
1.71767	1.54223	0.026624
1.75698	1.54149	0.00503629
1.75707	1.54149	0.00498535
1.75707	1.54149	0.00498496
1.75707	1.54149	0.00498457
1.75707	1.54149	0.00498426
1.75707	1.54149	0.00498403
1.75707	1.54149	0.00498389
1.75707	1.54149	0.00498379
-1.68132	1.21752	0.033813
-1.48204	1.27605	0.144256
-1.00807	1.40813	0.411321
-0.74705	1.43515	0.587049
-0.789327	1.33204	0.620614
-0.835933	1.24108	0.643351
-0.85754	1.19891	0.653891
-0.863783	1.18673	0.656936
-0.864951	1.18445	0.657506
-0.863783	1.18673	0.656936
-0.857539	1.19891	0.653891
-0.835927	1.24108	0.64335
-0.789274	1.33204	0.620607
-0.734051	1.43935	0.593745
-0.696386	1.51108	0.575652
-0.672799	1.5444	0.562815
-0.549476	1.57099	0.496033
-0.272733	1.49918	0.481576
0.0431973	1.37231	0.555561
0.350897	1.32102	0.595532
0.555584	1.34163	0.58746
0.619652	1.36995	0.572144
0.622492	1.37514	0.569303
0.630193	1.35549	0.580164
0.64937	1.31799	0.600841
0.676422	1.28394	0.619693
0.716702	1.28899	0.617198
0.784019	1.35981	0.57634
0.888092	1.46098	0.501437
1.09064	1.52885	0.375942
1.4876	1.54559	0.153029
1.74341	1.54187	0.0124313
1.75705	1.54149	0.00499077
1.75707	1.54149	0.00498572
1.75707	1.54149	0.00498495
1.75707	1.54149	0.00498443
1.75707	1.54149	0.00498406
1.75707	1.54149	0.00498384
1.75707	1.54149	0.00498373
1.75707	1.54149	0.00498369
-1.67979	1.22158	0.0329602
-1.47528	1.28699	0.142786
-0.983687	1.44205	0.40812
-0.704626	1.51488	0.56828
-0.717296	1.47261	0.585479
-0.750303	1.40819	0.601581
-0.782358	1.34563	0.617217
-0.803397	1.30457	0.62748
-0.810365	1.29098	0.630879
-0.803397	1.30457	0.627481
-0.782357	1.34563	0.617218
-0.750291	1.4082	0.601578
-0.717209	1.47263	0.585458
-0.693288	1.51861	0.573887
-0.679269	1.54253	0.567519
-0.664172	1.55802	0.558391
-0.576489	1.66035	0.440527
-0.379131	1.75569	0.30596
-0.12849	1.67102	0.357651
0.128888	1.59795	0.429601
0.332784	1.63705	0.423294
0.45943	1.70446	0.389735
0.49501	1.72403	0.379368
0.510773	1.69614	0.394754
0.55652	1.63495	0.428996
0.633965	1.56304	0.469953
0.72929	1.52133	0.494607
0.820248	1.52358	0.491283
0.914944	1.54313	0.458286
1.11173	1.55382	0.355942
1.51519	1.54817	0.136599
1.74771	1.54187	0.0099458
1.757	1.54151	0.00500004
1.75706	1.54149	0.0049869
1.75707	1.54149	0.00498496
1.75707	1.54149	0.00498436
1.75707	1.54149	0.00498401
1.75707	1.54149	0.00498381
1.75707	1.54149	0.00498372
1.75707	1.54149	0.00498369
-1.68239	1.2268	0.0294459
-1.49878	1.28443	0.127961
-1.02371	1.43858	0.381341
-0.697591	1.54012	0.557698
-0.685828	1.53403	0.570125
-0.695613	1.51492	0.574903
-0.707454	1.49181	0.58068
-0.717295	1.47261	0.58548
-0.721113	1.46516	0.587343
-0.717295	1.47261	0.585481
-0.707451	1.49181	0.580679
-0.695584	1.51493	0.574896
-0.685592	1.53411	0.570065
-0.678342	1.54621	0.566804
-0.669076	1.55381	0.563693
-0.638229	1.57083	0.548783
-0.498984	1.70263	0.406106
-0.24802	1.85854	0.246247
0.0339479	1.88208	0.244238
0.259241	1.86235	0.287827
0.355998	1.87673	0.292477
0.381589	1.89251	0.285705
0.387173	1.89666	0.283571
0.391477	1.89335	0.285456
0.409499	1.87759	0.294515
0.469002	1.82983	0.322112
0.593838	1.74093	0.373571
0.744474	1.6495	0.42399
0.877489	1.5943	0.436441
1.07664	1.56886	0.363084
1.47643	1.55171	0.155295
1.74151	1.54239	0.0129126
1.75681	1.54156	0.00503863
1.75704	1.5415	0.00499111
1.75707	1.54149	0.00498513
1.75707	1.54149	0.00498422
1.75707	1.54149	0.00498392
1.75707	1.54149	0.00498377
1.75707	1.54149	0.00498371
1.75707	1.54149	0.00498368
-1.63575	1.33763	0.0228741
-1.50836	1.35621	0.0981641
-1.11346	1.45487	0.318121
-0.72443	1.5434	0.537805
-0.677635	1.55021	0.566013
-0.679438	1.54649	0.567013
-0.681874	1.54173	0.568202
-0.684015	1.53756	0.569246
-0.684876	1.53588	0.569666
-0.684014	1.53756	0.569246
-0.681867	1.54174	0.5682
-0.67936	1.54651	0.566992
-0.676897	1.55043	0.56591
-0.672248	1.5538	0.56441
-0.653534	1.56085	0.559203
-0.571223	1.60231	0.519809
-0.305958	1.77272	0.346661
0.0639152	1.88927	0.253559
0.313242	1.90353	0.269796
0.376187	1.90265	0.279399
0.38103	1.90277	0.28005
0.381173	1.90282	0.280039
0.381177	1.90283	0.280037
0.381182	1.90282	0.280038
0.381292	1.90275	0.280082
0.38435	1.90064	0.28132
0.42236	1.87496	0.296339
0.567084	1.78018	0.350737
0.769401	1.6615	0.407962
0.989565	1.59179	0.382703
1.36739	1.55988	0.208554
1.71203	1.5444	0.0279349
1.75621	1.5417	0.00518721
1.75698	1.54151	0.00500331
1.75706	1.54149	0.00498607
1.75707	1.54149	0.00498413
1.75707	1.54149	0.00498383
1.75707	1.54149	0.00498373
1.75707	1.54149	0.00498369
1.75707	1.54149	0.00498368
-1.5643	1.49907	0.015593
-1.49082	1.49716	0.0631439
-1.22775	1.51979	0.223739
-0.820829	1.54777	0.474466
-0.679593	1.55333	0.562946
-0.676196	1.55282	0.56543
-0.676568	1.55209	0.565613
-0.676899	1.55144	0.565774
-0.677033	1.55118	0.56584
-0.676897	1.55144	0.565774
-0.676549	1.5521	0.565608
-0.676011	1.55288	0.565381
-0.674414	1.55388	0.564887
-0.665842	1.55698	0.562537
-0.622018	1.57281	0.549181
-0.434263	1.67358	0.450999
-0.0244367	1.8505	0.289381
0.310164	1.90167	0.271842
0.379423	1.90286	0.279755
0.381173	1.90283	0.280035
0.381176	1.90283	0.280036
0.381176	1.90283	0.280036
0.381176	1.90283	0.280036
0.381176	1.90283	0.280035
0.381176	1.90283	0.280035
0.381178	1.90283	0.280035
0.382239	1.90213	0.280447
0.423096	1.87535	0.296033
0.611989	1.75637	0.361203
0.866463	1.63286	0.395155
1.2014	1.57554	0.285885
1.61744	1.55166	0.0778263
1.7526	1.5424	0.00686299
1.75684	1.54155	0.00503087
1.75705	1.5415	0.0049886
1.75707	1.54149	0.00498421
1.75707	1.54149	0.00498377
1.75707	1.54149	0.0049837
1.75707	1.54149	0.00498368
1.75707	1.54149	0.00498368
-1.54062	1.56247	0.00993469
-1.50343	1.56051	0.0343231
-1.35855	1.56068	0.126777
-1.02835	1.55917	0.338072
-0.732733	1.55515	0.528155
-0.676724	1.55384	0.564493
-0.675736	1.55371	0.565206
-0.675776	1.55363	0.565226
-0.675792	1.5536	0.565234
-0.675773	1.55364	0.565226
-0.675699	1.55373	0.565197
-0.675326	1.55392	0.565086
-0.672691	1.55485	0.564367
-0.655773	1.56085	0.559334
-0.561243	1.61022	0.511568
-0.237603	1.77803	0.349472
0.212764	1.8923	0.270178
0.375628	1.90286	0.279246
0.381173	1.90283	0.280034
0.381176	1.90283	0.280035
0.381176	1.90283	0.280035
0.381176	1.90283	0.280035
0.381176	1.90283	0.280035
0.381176	1.90283	0.280035
0.381176	1.90283	0.280034
0.381176	1.90283	0.280034
0.381178	1.90283	0.280035
0.384462	1.90067	0.281298
0.478378	1.84002	0.315961
0.737279	1.68961	0.387663
1.03119	1.59892	0.357089
1.43447	1.57288	0.176312
1.72423	1.55396	0.0232629
1.75664	1.54202	0.00514023
1.75703	1.5415	0.00499319
1.75707	1.54149	0.00498451
1.75707	1.54149	0.00498375
1.75707	1.54149	0.00498369
1.75707	1.54149	0.00498368
1.75707	1.54149	0.00498367
-1.53874	1.57627	0.00661
-1.52325	1.57561	0.0167173
-1.45962	1.57425	0.0577702
-1.27496	1.57011	0.176846
-0.960362	1.5626	0.37951
-0.729767	1.55655	0.528465
-0.678289	1.55435	0.562924
-0.675652	1.55394	0.565101
-0.675635	1.55391	0.565156
-0.675629	1.55391	0.565155
-0.67557	1.55394	0.565137
-0.675007	1.55417	0.564941
-0.669966	1.5571	0.562037
-0.63131	1.58847	0.528781
-0.458132	1.71275	0.399744
-0.0532127	1.86051	0.273217
0.325892	1.90216	0.273382
0.380968	1.90283	0.280001
0.381176	1.90283	0.280034
0.381176	1.90283	0.280034
0.381176	1.90283	0.280035
0.381176	1.90283	0.280035
0.381176	1.90283	0.280035
0.381176	1.90283	0.280034
0.381176	1.90283	0.280034
0.381176	1.90283	0.280034
0.381176	1.90283	0.280034
0.3813	1.90275	0.280079
0.413647	1.882	0.291967
0.634804	1.74816	0.363124
0.917158	1.63926	0.379026
1.27089	1.64226	0.233943
1.6708	1.63731	0.0470004
1.76576	1.5659	0.00560729
1.75779	1.54306	0.0049985
1.75709	1.54154	0.00498495
1.75707	1.54149	0.00498377
1.75707	1.54149	0.00498368
1.75707	1.54149	0.00498367
1.7571	1.54153	0.00498365
-1.53998	1.57851	0.00508607
-1.53475	1.57833	0.00848074
-1.51269	1.57776	0.0227194
-1.44064	1.57606	0.068986
-1.26956	1.57288	0.177425
-1.00533	1.57101	0.340524
-0.773523	1.57446	0.479271
-0.680528	1.5696	0.541783
-0.672482	1.56041	0.557622
-0.673448	1.55817	0.560254
-0.67222	1.56045	0.557627
-0.66532	1.57275	0.54347
-0.638276	1.61625	0.493764
-0.558282	1.71336	0.385456
-0.355232	1.83109	0.268477
0.0606416	1.89628	0.244732
0.360461	1.90313	0.276865
0.381165	1.90283	0.280032
0.381176	1.90283	0.280034
0.381176	1.90283	0.280034
0.381176	1.90283	0.280034
0.381176	1.90283	0.280034
0.381176	1.90283	0.280034
0.381176	1.90283	0.280034
0.381176	1.90283	0.280034
0.381176	1.90283	0.280034
0.381176	1.90283	0.280034
0.381184	1.90283	0.280034
0.394738	1.89748	0.281359
0.593484	1.8267	0.292574
0.909281	1.76848	0.254031
1.23915	1.79351	0.137806
1.67139	1.78777	0.0300409
1.82689	1.69261	0.00544037
1.78784	1.6018	0.00497512
1.76651	1.55994	0.00497637
1.76037	1.54792	0.00498065
1.75922	1.54568	0.00498163
1.76037	1.54792	0.00498053
1.76652	1.55994	0.00497465
-1.5407	1.57881	0.00453215
-1.53926	1.57876	0.00546082
-1.53311	1.57862	0.00940586
-1.51178	1.57833	0.0228096
-1.45144	1.58	0.0585323
-1.30635	1.60398	0.131135
-1.03224	1.6746	0.24058
-0.726903	1.70576	0.355331
-0.617315	1.6778	0.420964
-0.619114	1.66427	0.437442
-0.612077	1.67788	0.421701
-0.590315	1.71908	0.374101
-0.552629	1.7824	0.301528
-0.485338	1.84868	0.229322
-0.306316	1.8945	0.197315
0.0982124	1.90694	0.236742
0.367261	1.90317	0.277729
0.381173	1.90283	0.280033
0.381176	1.90283	0.280034
0.381176	1.90283	0.280034
0.381176	1.90283	0.280034
0.381176	1.90283	0.280034
0.381176	1.90283	0.280034
0.381176	1.90283	0.280034
0.381176	1.90283	0.280034
0.381176	1.90283	0.280034
0.381176	1.90283	0.280034
0.381179	1.90283	0.280033
0.39174	1.90201	0.277401
0.598296	1.88867	0.223478
0.941011	1.88291	0.122982
1.24778	1.89326	0.0514859
1.68475	1.88112	0.0133062
1.89731	1.83372	0.00516305
1.87339	1.7689	0.00489547
1.84142	1.70622	0.00490491
1.8204	1.66516	0.00492326
1.81344	1.65157	0.00492981
1.8204	1.66516	0.00492316
1.84143	1.70623	0.00490305
