-0.855715	-1.64444	0.423597
-0.851797	-1.64859	0.424048
-0.85182	-1.64838	0.424091
-0.851851	-1.64812	0.424145
-0.851879	-1.64788	0.424193
-0.85189	-1.64779	0.424212
-0.851878	-1.64788	0.424193
-0.85185	-1.64812	0.424145
-0.851816	-1.64838	0.42409
-0.851786	-1.64858	0.424047
-0.851105	-1.64726	0.424902
-0.823397	-1.59214	0.460258
-0.739779	-1.42858	0.564613
-0.677596	-1.30774	0.633501
-0.636669	-1.2296	0.648915
-0.578171	-1.12582	0.636012
-0.479617	-0.998008	0.609049
-0.253677	-0.858745	0.563262
0.239195	-0.672696	0.477978
0.562302	-0.574262	0.426968
0.54403	-0.637857	0.44802
0.426739	-0.866883	0.527138
0.256368	-1.19953	0.642043
0.205912	-1.29805	0.676028
0.205023	-1.29978	0.676621
0.205023	-1.29978	0.676622
0.205023	-1.29978	0.676622
0.205023	-1.29978	0.676622
0.205023	-1.29978	0.676622
0.205023	-1.29978	0.676622
0.205023	-1.29978	0.676622
0.205023	-1.29978	0.676622
0.205023	-1.29978	0.676621
0.205825	-1.29911	0.676249
0.282303	-1.28146	0.63988
0.737285	-1.34484	0.420497
1.26715	-1.52296	0.163139
1.49974	-1.6217	0.0497965
1.55869	-1.64916	0.0210417
1.56978	-1.65585	0.0158025
-0.851959	-1.64802	0.42413
-0.851966	-1.64714	0.424344
-0.852163	-1.64547	0.424686
-0.852417	-1.64331	0.425125
-0.852641	-1.6414	0.425514
-0.852732	-1.64063	0.425672
-0.852638	-1.6414	0.425513
-0.852406	-1.6433	0.425121
-0.852131	-1.64542	0.424675
-0.851879	-1.647	0.424313
-0.851624	-1.64775	0.424093
-0.842937	-1.63136	0.434691
-0.772471	-1.49391	0.524191
-0.697557	-1.34788	0.619322
-0.667449	-1.29053	0.65501
-0.640823	-1.24968	0.658541
-0.540195	-1.12421	0.63263
-0.259972	-0.905651	0.570006
0.274619	-0.665909	0.472594
0.569132	-0.570686	0.425394
0.54798	-0.630123	0.445345
0.438577	-0.843763	0.519151
0.267202	-1.17838	0.634741
0.206609	-1.29669	0.675561
0.205024	-1.29978	0.676621
0.205023	-1.29978	0.676622
0.205023	-1.29978	0.676622
0.205023	-1.29978	0.676622
0.205023	-1.29978	0.676622
0.205023	-1.29978	0.676622
0.205023	-1.29978	0.676622
0.205023	-1.29978	0.676622
0.205024	-1.29978	0.676621
0.20742	-1.29919	0.675483
0.367342	-1.32028	0.598393
1.0002	-1.49282	0.291729
1.43346	-1.62112	0.0816006
1.55338	-1.65397	0.0234877
1.57678	-1.66015	0.0121553
1.58041	-1.66111	0.0103953
-0.852304	-1.64431	0.424921
-0.853067	-1.6378	0.42625
-0.854366	-1.62676	0.4285
-0.85602	-1.61271	0.431366
-0.857471	-1.60037	0.433881
-0.85805	-1.5954	0.434892
-0.857447	-1.60033	0.433872
-0.855937	-1.61258	0.431335
-0.85411	-1.62636	0.428406
-0.852357	-1.63666	0.425988
-0.850609	-1.64159	0.424299
-0.845709	-1.63622	0.426744
-0.788119	-1.52548	0.496354
-0.702093	-1.35865	0.602872
-0.664723	-1.28741	0.648005
-0.648567	-1.26572	0.658773
-0.589911	-1.21477	0.648992
-0.32371	-0.995936	0.588804
0.229769	-0.692445	0.481191
0.565205	-0.568444	0.424853
0.557867	-0.610596	0.438574
0.47051	-0.78137	0.497594
0.304667	-1.10522	0.609486
0.211622	-1.2869	0.672198
0.205039	-1.29975	0.676611
0.205023	-1.29978	0.676622
0.205023	-1.29978	0.676622
0.205023	-1.29978	0.676622
0.205023	-1.29978	0.676622
0.205023	-1.29978	0.676622
0.205023	-1.29978	0.676622
0.205023	-1.29978	0.676622
0.205044	-1.29977	0.676612
0.22088	-1.30099	0.668994
0.54455	-1.38204	0.512282
1.15833	-1.5499	0.214854
1.47305	-1.63291	0.0624008
1.56055	-1.65589	0.0200152
1.57785	-1.66044	0.0116341
1.58054	-1.66115	0.0103309
-0.854635	-1.62449	0.428964
-0.858698	-1.58998	0.436002
-0.865335	-1.53362	0.447497
-0.873351	-1.46552	0.461383
-0.879994	-1.40899	0.472905
-0.882537	-1.38703	0.477358
-0.879841	-1.40878	0.472843
-0.872812	-1.46476	0.461171
-0.863647	-1.5311	0.446847
-0.85398	-1.58267	0.434221
-0.843395	-1.60665	0.424777
-0.828626	-1.60123	0.41976
-0.765202	-1.48836	0.475471
-0.669273	-1.30753	0.576979
-0.627329	-1.22921	0.621335
-0.616836	-1.2145	0.635242
-0.590379	-1.20532	0.63815
-0.410931	-1.07923	0.604631
0.101466	-0.756853	0.502803
0.537158	-0.571496	0.427122
0.568979	-0.58733	0.430367
0.511594	-0.700813	0.469726
0.374304	-0.969215	0.562509
0.237723	-1.23594	0.654648
0.205886	-1.2981	0.676051
0.205025	-1.29978	0.676621
0.205023	-1.29978	0.676622
0.205023	-1.29978	0.676622
0.205023	-1.29978	0.676622
0.205023	-1.29978	0.676622
0.205023	-1.29978	0.676622
0.205025	-1.29978	0.676621
0.206593	-1.29959	0.675872
0.307621	-1.32098	0.627027
0.81218	-1.45856	0.382532
1.30705	-1.5893	0.142808
1.51445	-1.64378	0.0423473
1.56853	-1.65799	0.0161502
1.57906	-1.66076	0.0110498
1.58069	-1.66118	0.0102589
-0.864108	-1.54408	0.445362
-0.879999	-1.40911	0.472891
-0.902251	-1.22014	0.51143
-0.923736	-1.03753	0.548661
-0.93771	-0.918306	0.572938
-0.942149	-0.878824	0.580867
-0.936895	-0.917579	0.572558
-0.920786	-1.03457	0.547329
-0.892914	-1.20915	0.507434
-0.854119	-1.37381	0.462467
-0.803596	-1.45317	0.422121
-0.736637	-1.42331	0.390814
-0.618648	-1.24253	0.420058
-0.496713	-1.0331	0.479691
-0.449702	-0.952743	0.502495
-0.458821	-0.967467	0.523503
-0.486683	-1.02742	0.555278
-0.438172	-1.0438	0.573729
-0.0794779	-0.825879	0.519604
0.446733	-0.582942	0.434658
0.575092	-0.564957	0.42203
0.547404	-0.628897	0.444639
0.460285	-0.800988	0.504353
0.317977	-1.07921	0.600571
0.223685	-1.26334	0.664156
0.205833	-1.2982	0.676098
0.205036	-1.29976	0.676614
0.205024	-1.29978	0.676621
0.205023	-1.29978	0.676621
0.205024	-1.29978	0.676621
0.205034	-1.29977	0.676617
0.205954	-1.29919	0.676186
0.248041	-1.30181	0.65595
0.596195	-1.39655	0.487248
1.12311	-1.54094	0.231907
1.43734	-1.62352	0.0796971
1.5475	-1.65246	0.0263365
1.57475	-1.65962	0.0131352
1.58	-1.661	0.0105958
1.58081	-1.66121	0.0102029
-0.891564	-1.31159	0.492755
-0.928393	-0.998188	0.5567
-0.959282	-0.735744	0.610214
-0.973283	-0.616189	0.634551
-0.977022	-0.582205	0.641328
-0.976962	-0.575497	0.642197
-0.973499	-0.580111	0.639543
-0.960047	-0.607938	0.627898
-0.916643	-0.70471	0.58938
-0.812821	-0.886567	0.503939
-0.638932	-0.991658	0.387746
-0.42153	-0.857884	0.284633
-0.198343	-0.555085	0.241041
-0.0564362	-0.341482	0.215885
-0.0123921	-0.275211	0.204415
-0.0437217	-0.324459	0.230781
-0.140348	-0.478343	0.302605
-0.257405	-0.692806	0.404673
-0.177779	-0.750089	0.464579
0.300521	-0.561071	0.429469
0.57035	-0.523362	0.409732
0.568649	-0.578408	0.42623
0.529269	-0.664434	0.456943
0.438124	-0.844357	0.519409
0.317285	-1.08057	0.601203
0.236467	-1.23839	0.655784
0.210693	-1.28872	0.673038
0.2061	-1.29768	0.676021
0.20551	-1.29884	0.676392
0.205871	-1.29822	0.676241
0.209304	-1.29381	0.674676
0.2441	-1.28154	0.658208
0.498155	-1.33568	0.535372
1.03261	-1.51294	0.275819
1.37231	-1.60644	0.111197
1.52063	-1.64541	0.0393506
1.56723	-1.65765	0.0167774
1.57841	-1.66058	0.0113638
1.58054	-1.66115	0.0103298
1.58087	-1.66123	0.01017
-0.938958	-0.91885	0.572447
-0.971315	-0.633663	0.63104
-0.978886	-0.568815	0.644227
-0.979138	-0.564582	0.644945
-0.97837	-0.564019	0.644571
-0.975724	-0.562482	0.643225
-0.966201	-0.556973	0.63838
-0.932424	-0.537529	0.621183
-0.828925	-0.481445	0.568017
-0.587156	-0.388391	0.438705
-0.222058	-0.279482	0.239177
0.0800658	-0.071601	0.0927117
0.215395	0.0845246	0.038516
0.251293	0.132091	0.0215179
0.257629	0.140971	0.017933
0.251849	0.131929	0.0221443
0.221099	0.084238	0.0440822
0.119736	-0.0762467	0.118289
-0.017727	-0.346462	0.258691
0.222779	-0.396058	0.348905
0.569647	-0.390572	0.37634
0.583196	-0.518085	0.408751
0.566038	-0.585659	0.429318
0.529343	-0.665034	0.457281
0.459581	-0.802594	0.50511
0.371782	-0.974218	0.564825
0.299159	-1.1161	0.614506
0.25785	-1.19692	0.643277
0.241493	-1.2294	0.655718
0.243259	-1.22968	0.657504
0.273848	-1.20601	0.644719
0.419026	-1.2098	0.575657
0.895232	-1.39789	0.34395
1.36175	-1.59981	0.116398
1.50764	-1.64199	0.0456419
1.56055	-1.65589	0.0200138
1.57635	-1.66004	0.0123617
1.58008	-1.66102	0.0105526
1.58079	-1.66121	0.0102082
1.5809	-1.66124	0.010155
-0.974228	-0.632853	0.629862
-0.979276	-0.565839	0.644854
-0.979269	-0.5645	0.645027
-0.978688	-0.564135	0.644731
-0.976653	-0.562931	0.643695
-0.969389	-0.558715	0.64
-0.942238	-0.543005	0.626189
-0.846755	-0.487743	0.577619
-0.584046	-0.33566	0.443984
-0.142658	-0.0805442	0.2194
0.18543	0.105248	0.0519111
0.263616	0.153789	0.0126109
0.268726	0.157996	0.0101987
0.268862	0.158139	0.0101268
0.268866	0.158145	0.0101241
0.268863	0.158139	0.0101269
0.268744	0.157955	0.0102114
0.264746	0.151747	0.0130756
0.218741	0.0735076	0.0521168
0.248261	-0.0939766	0.175287
0.542804	-0.186018	0.296915
0.622271	-0.355737	0.378401
0.604584	-0.490685	0.412037
0.578685	-0.565067	0.427769
0.55039	-0.624823	0.445304
0.512168	-0.700351	0.470975
0.468919	-0.785583	0.501436
0.43402	-0.855638	0.528949
0.420106	-0.888562	0.547946
0.433501	-0.88538	0.555877
0.488424	-0.893183	0.542115
0.687574	-1.02884	0.45286
1.17459	-1.40139	0.21487
1.5089	-1.63546	0.0456418
1.56055	-1.65589	0.0200151
1.57534	-1.65978	0.0128509
1.57967	-1.66092	0.0107516
1.58069	-1.66118	0.0102579
1.58089	-1.66124	0.010164
1.58092	-1.66124	0.0101495
-0.979455	-0.567847	0.644045
-0.979398	-0.564404	0.645086
-0.979108	-0.564017	0.644931
-0.977928	-0.563053	0.644321
-0.973564	-0.560278	0.642093
-0.957151	-0.550673	0.63374
-0.89422	-0.514336	0.601732
-0.683764	-0.392729	0.494686
-0.224386	-0.127022	0.261018
0.186549	0.110697	0.0519905
0.267131	0.157225	0.0110038
0.268832	0.158155	0.0101411
0.268859	0.158149	0.0101279
0.268866	0.158147	0.0101242
0.268868	0.158147	0.0101233
0.268868	0.158147	0.010123
0.268868	0.158147	0.010123
0.268867	0.158144	0.0101245
0.267938	0.156548	0.0109425
0.268637	0.111462	0.0431076
0.448374	-0.00960934	0.177692
0.631045	-0.173721	0.325478
0.678786	-0.303247	0.392394
0.663187	-0.392014	0.412945
0.63961	-0.449871	0.421206
0.623392	-0.484984	0.428751
0.617998	-0.500409	0.437611
0.627257	-0.493214	0.446467
0.65278	-0.466806	0.453169
0.693141	-0.446305	0.454173
0.770947	-0.494202	0.43381
0.994657	-0.766464	0.336419
1.39812	-1.33504	0.132274
1.56169	-1.63417	0.0238075
1.57634	-1.66	0.012373
1.57967	-1.66092	0.0107516
1.58064	-1.66117	0.0102823
1.58087	-1.66123	0.0101721
1.58091	-1.66124	0.0101511
1.58092	-1.66124	0.0101479
-0.979509	-0.564	0.645099
-0.979511	-0.562931	0.645088
-0.979182	-0.560969	0.644856
-0.977373	-0.557641	0.643853
-0.969828	-0.551249	0.639941
-0.939512	-0.532875	0.62449
-0.821794	-0.465535	0.564639
-0.465253	-0.261116	0.383347
0.070706	0.0469318	0.110797
0.261546	0.155659	0.0137849
0.26802	0.158368	0.0105299
0.268586	0.158221	0.0102587
0.268791	0.158167	0.0101604
0.268851	0.158151	0.0101315
0.268865	0.158148	0.0101246
0.268868	0.158147	0.0101233
0.268868	0.158147	0.010123
0.268868	0.158147	0.0101231
0.268867	0.158144	0.0101246
0.269231	0.155555	0.012227
0.345544	0.0990947	0.077004
0.570969	-0.058102	0.254363
0.706659	-0.177186	0.368248
0.736727	-0.234239	0.403021
0.735177	-0.263659	0.411385
0.735102	-0.276976	0.414888
0.749017	-0.275728	0.419154
0.783337	-0.263689	0.425915
0.838733	-0.250078	0.435029
0.910348	-0.250598	0.441978
1.00722	-0.308217	0.429277
1.20384	-0.565972	0.344739
1.52201	-1.14985	0.152561
1.59613	-1.56955	0.0308243
1.58062	-1.65907	0.0108607
1.58069	-1.66118	0.0102579
1.58087	-1.66123	0.010172
1.58091	-1.66124	0.0101519
1.58092	-1.66124	0.0101481
1.58092	-1.66124	0.0101475
-0.97995	-0.560182	0.6452
-0.980553	-0.553628	0.645255
-0.981136	-0.542268	0.645124
-0.979966	-0.526691	0.643984
-0.970447	-0.508096	0.638663
-0.926303	-0.477271	0.616015
-0.751942	-0.381579	0.527514
-0.282594	-0.122903	0.289243
0.183071	0.131825	0.0529131
0.254866	0.161697	0.0168208
0.26322	0.15963	0.0128241
0.266985	0.158641	0.0110242
0.268355	0.158282	0.0103692
0.268754	0.158177	0.0101782
0.268847	0.158152	0.0101332
0.268865	0.158148	0.0101245
0.268868	0.158147	0.0101232
0.268868	0.158147	0.010123
0.268868	0.158147	0.0101231
0.268904	0.158107	0.0101823
0.292522	0.144298	0.0302265
0.487252	0.0227183	0.184012
0.686199	-0.116162	0.340226
0.756037	-0.174542	0.395543
0.775357	-0.192536	0.408944
0.797738	-0.197833	0.415563
0.853557	-0.198337	0.42757
0.963231	-0.197652	0.450302
1.11677	-0.199188	0.481607
1.26788	-0.206635	0.510123
1.37953	-0.235138	0.520198
1.46875	-0.353018	0.483952
1.58558	-0.718663	0.348111
1.62483	-1.26483	0.14345
1.58955	-1.60991	0.0249998
1.58107	-1.66053	0.0103124
1.58091	-1.66124	0.0101512
1.58092	-1.66124	0.0101481
1.58092	-1.66124	0.0101475
1.58092	-1.66124	0.0101474
-0.982264	-0.540492	0.645607
-0.98613	-0.506122	0.646234
-0.992002	-0.449699	0.647031
-0.99721	-0.380413	0.647033
-0.993118	-0.318004	0.642754
-0.950552	-0.270074	0.620249
-0.766367	-0.186711	0.527409
-0.288304	0.0300534	0.286426
0.10506	0.185516	0.0889759
0.194729	0.177612	0.0455541
0.238232	0.166193	0.0247651
0.258594	0.160845	0.0150344
0.26606	0.158884	0.0114657
0.268241	0.158312	0.0104231
0.268754	0.158177	0.0101779
0.268851	0.158151	0.0101312
0.268866	0.158147	0.010124
0.268868	0.158147	0.0101231
0.268868	0.158147	0.010123
0.26887	0.158147	0.0101251
0.276026	0.157553	0.0164229
0.416934	0.0972823	0.13124
0.645748	-0.0534441	0.30967
0.752532	-0.143454	0.387416
0.800425	-0.173201	0.410917
0.877601	-0.182306	0.429803
1.04669	-0.187941	0.466007
1.29716	-0.19459	0.519061
1.50718	-0.200377	0.563462
1.60317	-0.203866	0.583416
1.63064	-0.209948	0.587029
1.63621	-0.238052	0.576957
1.63516	-0.354118	0.530393
1.62834	-0.691062	0.393114
1.60837	-1.2406	0.170484
1.58826	-1.59582	0.0324595
1.58151	-1.65846	0.0108556
1.58094	-1.66119	0.0101547
1.58092	-1.66124	0.0101475
1.58092	-1.66124	0.0101474
-0.991675	-0.460561	0.647268
-1.00735	-0.326244	0.649992
-1.02907	-0.137792	0.65368
-1.04924	0.0451216	0.656815
-1.05908	0.166688	0.657161
-1.04592	0.216354	0.648927
-0.956956	0.225821	0.605211
-0.657945	0.271688	0.457769
-0.280796	0.29547	0.273046
-0.0335892	0.237577	0.154658
0.136788	0.192834	0.073241
0.223415	0.170084	0.0318447
0.256329	0.16144	0.0161158
0.26606	0.158884	0.0114652
0.268355	0.158282	0.0103685
0.268791	0.158167	0.0101597
0.268859	0.158149	0.0101275
0.268867	0.158147	0.0101234
0.268868	0.158147	0.010123
0.268868	0.158147	0.0101234
0.271908	0.161533	0.0132239
0.366413	0.186899	0.0988399
0.58696	0.067726	0.273373
0.738931	-0.0865676	0.37442
0.848801	-0.157538	0.41833
1.04544	-0.182334	0.464688
1.36105	-0.19485	0.532441
1.58923	-0.201671	0.580959
1.6413	-0.203184	0.592022
1.64461	-0.203531	0.592625
1.64463	-0.205226	0.591963
1.64426	-0.214145	0.588394
1.64263	-0.251571	0.573434
1.63734	-0.373057	0.524875
1.62528	-0.658982	0.410228
1.60977	-1.10506	0.228546
1.59765	-1.48658	0.0721819
1.58819	-1.62725	0.0187928
1.58388	-1.65335	0.0110703
1.58294	-1.65698	0.0102849
-1.01891	-0.229074	0.65206
-1.05567	0.0835799	0.658542
-1.08655	0.34653	0.663967
-1.10068	0.467024	0.666443
-1.10463	0.501429	0.667108
-1.10487	0.508094	0.666979
-1.09992	0.50416	0.664709
-1.05978	0.49071	0.645634
-0.890869	0.459834	0.564426
-0.553773	0.374187	0.403235
-0.156972	0.269981	0.213618
0.109303	0.200052	0.0863742
0.223415	0.170084	0.0318439
0.258594	0.160845	0.0150332
0.266985	0.158641	0.0110228
0.268586	0.158221	0.0102577
0.268834	0.158156	0.0101395
0.268865	0.158148	0.0101246
0.268868	0.158147	0.0101231
0.268869	0.158149	0.0101243
0.27241	0.164956	0.0141459
0.342224	0.27058	0.088983
0.513248	0.269383	0.233359
0.713384	0.0340714	0.351257
0.941892	-0.128945	0.433258
1.2941	-0.186635	0.517059
1.58908	-0.201391	0.58088
1.64375	-0.203165	0.592545
1.64476	-0.203206	0.592758
1.64476	-0.203277	0.592729
1.64474	-0.203741	0.592544
1.64463	-0.206182	0.591568
1.64418	-0.216537	0.58743
1.64265	-0.25156	0.573435
1.63861	-0.343724	0.536608
1.63079	-0.52588	0.463686
1.62452	-0.820786	0.340174
1.6312	-1.21405	0.162624
1.63436	-1.46078	0.0521035
1.63461	-1.53547	0.0192526
-1.06493	0.163734	0.659911
-1.09877	0.449375	0.666157
-1.10652	0.515141	0.667524
-1.10701	0.519366	0.667612
-1.10703	0.519481	0.667615
-1.10703	0.519485	0.667615
-1.10703	0.519482	0.667614
-1.10694	0.519411	0.667573
-1.10176	0.517893	0.665105
-1.01806	0.496111	0.625099
-0.654862	0.400738	0.451541
-0.156972	0.269981	0.213617
0.136788	0.192834	0.0732396
0.238232	0.166193	0.0247631
0.26322	0.15963	0.0128222
0.268022	0.158369	0.0105274
0.268764	0.158174	0.0101725
0.268858	0.15815	0.010128
0.268867	0.158147	0.0101234
0.268894	0.158197	0.0101523
0.278785	0.17746	0.0214198
0.356148	0.323761	0.108254
0.469964	0.427908	0.212067
0.697485	0.216991	0.331327
1.07874	-0.0843107	0.459232
1.50448	-0.192061	0.562162
1.64127	-0.203029	0.592002
1.64476	-0.203191	0.592759
1.64476	-0.203195	0.592761
1.64476	-0.203211	0.592755
1.64476	-0.203314	0.592713
1.64474	-0.20386	0.592495
1.64463	-0.20618	0.591568
1.64429	-0.214126	0.588393
1.64334	-0.235794	0.579735
1.64131	-0.282077	0.561241
1.63845	-0.361508	0.528972
1.65085	-0.592101	0.41762
1.69095	-1.03664	0.189117
1.71607	-1.29026	0.0568384
-1.09878	0.451445	0.664981
-1.10688	0.518209	0.667588
-1.10703	0.519485	0.667615
-1.10703	0.519486	0.667615
-1.10703	0.519486	0.667615
-1.10703	0.519486	0.667615
-1.10703	0.519486	0.667615
-1.10703	0.519486	0.667615
-1.10703	0.519485	0.667614
-1.10541	0.519057	0.666843
-1.01805	0.496117	0.625093
-0.553771	0.374189	0.403233
-0.033588	0.237578	0.154656
0.194735	0.177616	0.0455487
0.255017	0.161784	0.016742
0.266787	0.158693	0.0111172
0.268613	0.158214	0.0102448
0.268843	0.158154	0.0101352
0.268866	0.158148	0.0101244
0.269731	0.159832	0.0111076
0.30075	0.220113	0.0464019
0.389876	0.385095	0.145149
0.477416	0.470002	0.217917
0.709325	0.339602	0.321762
1.23106	-0.0265962	0.500013
1.60383	-0.193037	0.585241
1.64463	-0.203163	0.592726
1.64476	-0.203191	0.59276
1.64476	-0.203193	0.592762
1.64476	-0.203196	0.592761
1.64476	-0.203215	0.592753
1.64476	-0.203314	0.592713
1.64474	-0.203739	0.592544
1.64468	-0.205196	0.591961
1.6445	-0.209203	0.59036
1.64412	-0.217932	0.586872
1.64349	-0.23283	0.580901
1.64899	-0.300957	0.546416
1.69658	-0.718313	0.323365
1.7442	-1.12855	0.10344
-1.10688	0.516054	0.667033
-1.10703	0.519485	0.667615
-1.10703	0.519486	0.667615
-1.10703	0.519486	0.667615
-1.10703	0.519486	0.667615
-1.10703	0.519486	0.667615
-1.10703	0.519486	0.667615
-1.10703	0.519486	0.667615
-1.10703	0.519486	0.667615
-1.10703	0.519486	0.667614
-1.10152	0.518036	0.664982
-0.887443	0.461818	0.562683
-0.272443	0.300307	0.268796
0.123655	0.196283	0.0795149
0.241118	0.165435	0.0233839
0.264681	0.159246	0.0121236
0.268355	0.158282	0.0103683
0.268817	0.158161	0.0101479
0.269124	0.158656	0.010422
0.281994	0.18377	0.0250953
0.347748	0.311177	0.0997899
0.425346	0.447459	0.183381
0.50036	0.481175	0.232466
0.736083	0.353316	0.318755
1.32468	-0.0199101	0.519501
1.63138	-0.196736	0.590967
1.64474	-0.203184	0.592751
1.64476	-0.203192	0.592761
1.64476	-0.203192	0.592762
1.64476	-0.203193	0.592762
1.64476	-0.203196	0.592761
1.64476	-0.20321	0.592755
1.64476	-0.203274	0.592729
1.64475	-0.203492	0.592642
1.64473	-0.204093	0.592402
1.64467	-0.205406	0.591877
1.64457	-0.207651	0.590979
1.64771	-0.223855	0.58095
1.70329	-0.500697	0.409181
1.78141	-0.927953	0.153542
-1.10706	0.519438	0.667578
-1.10703	0.519486	0.667615
-1.10703	0.519486	0.667615
-1.10703	0.519486	0.667615
-1.10703	0.519486	0.667615
-1.10703	0.519486	0.667615
-1.10703	0.519486	0.667615
-1.10703	0.519486	0.667615
-1.10703	0.519486	0.667615
-1.10703	0.519486	0.667615
-1.10689	0.519448	0.667547
-1.04057	0.502089	0.635881
-0.503698	0.361061	0.379315
0.0377473	0.218846	0.120569
0.223415	0.170084	0.0318438
0.261973	0.15996	0.0134196
0.268047	0.15842	0.0105569
0.269642	0.159855	0.0111491
0.281974	0.183777	0.0250987
0.333309	0.283937	0.0836297
0.402865	0.417881	0.162372
0.450474	0.491801	0.210518
0.51352	0.48827	0.241435
0.751293	0.34914	0.31991
1.34867	-0.0228131	0.520092
1.63619	-0.19824	0.591708
1.64475	-0.203189	0.592758
1.64476	-0.203192	0.592762
1.64476	-0.203192	0.592762
1.64476	-0.203192	0.592762
1.64476	-0.203193	0.592762
1.64476	-0.203194	0.592761
1.64476	-0.203202	0.592758
1.64476	-0.203229	0.592747
1.64476	-0.203303	0.592718
1.64475	-0.203464	0.592653
1.64474	-0.203739	0.592543
1.64701	-0.205572	0.588833
1.70591	-0.270569	0.487683
1.81075	-0.462488	0.287993
-1.10703	0.519486	0.667613
-1.10703	0.519486	0.667615
-1.10703	0.519486	0.667615
-1.10703	0.519486	0.667615
-1.10703	0.519486	0.667615
-1.10703	0.519486	0.667615
-1.10703	0.519486	0.667615
-1.10703	0.519486	0.667615
-1.10703	0.519486	0.667615
-1.10703	0.519486	0.667615
-1.10702	0.519486	0.667613
-1.08723	0.515331	0.658421
-0.67351	0.412609	0.46234
-0.0426485	0.245973	0.161597
0.20658	0.179369	0.04291
0.261695	0.167744	0.0189782
0.276893	0.177946	0.0221818
0.300165	0.220304	0.0465284
0.347227	0.311458	0.0997026
0.40214	0.418324	0.16216
0.439468	0.488975	0.204008
0.462204	0.514928	0.223972
0.512412	0.496098	0.243406
0.72807	0.365263	0.312446
1.30757	0.00535556	0.508112
1.63168	-0.195287	0.591179
1.64476	-0.20319	0.592761
1.64476	-0.203192	0.592762
1.64476	-0.203192	0.592763
1.64476	-0.203192	0.592763
1.64476	-0.203192	0.592762
1.64476	-0.203192	0.592762
1.64476	-0.203193	0.592762
1.64476	-0.203196	0.59276
1.64476	-0.203203	0.592757
1.64476	-0.203219	0.592751
1.64476	-0.203246	0.592739
1.64792	-0.19808	0.589853
1.70721	-0.107981	0.533595
1.79621	-0.0074162	0.440266
-1.10703	0.519486	0.667614
-1.10703	0.519486	0.667615
-1.10703	0.519486	0.667615
-1.10703	0.519486	0.667615
-1.10703	0.519486	0.667615
-1.10703	0.519486	0.667615
-1.10703	0.519486	0.667615
-1.10703	0.519486	0.667615
-1.10703	0.519486	0.667615
-1.10703	0.519486	0.667615
-1.10703	0.519486	0.667615
-1.09994	0.520388	0.664881
-0.858656	0.509193	0.561842
-0.308369	0.418047	0.319681
0.101377	0.32315	0.154781
0.273878	0.298487	0.103741
0.340537	0.328447	0.112131
0.3835	0.388058	0.144905
0.418583	0.451506	0.181564
0.442317	0.496847	0.20804
0.454919	0.519448	0.221735
0.465057	0.524699	0.228587
0.501161	0.5057	0.240795
0.671232	0.402362	0.296641
1.20125	0.0774634	0.486764
1.60751	-0.179934	0.588701
1.64469	-0.203148	0.59276
1.64476	-0.203192	0.592763
1.64476	-0.203192	0.592763
1.64476	-0.203192	0.592763
1.64476	-0.203192	0.592763
1.64476	-0.203192	0.592762
1.64476	-0.203192	0.592762
1.64476	-0.203193	0.592762
1.64476	-0.203193	0.592762
1.64476	-0.203194	0.592761
1.64478	-0.203157	0.592743
1.65394	-0.185597	0.585239
1.72831	-0.0440151	0.523945
1.80355	0.0984442	0.461654
-1.10703	0.519487	0.667614
-1.10703	0.519486	0.667615
-1.10703	0.519486	0.667615
-1.10703	0.519486	0.667615
-1.10703	0.519486	0.667615
-1.10703	0.519486	0.667615
-1.10703	0.519486	0.667615
-1.10703	0.519486	0.667615
-1.10703	0.519486	0.667615
-1.10703	0.519486	0.667615
-1.10703	0.519488	0.667615
-1.10176	0.524455	0.666576
-0.979983	0.602388	0.633885
-0.717933	0.676766	0.548045
-0.217803	0.595849	0.382128
0.228137	0.499274	0.243224
0.389427	0.480499	0.205288
0.434155	0.495019	0.208001
0.449373	0.512535	0.217283
0.456099	0.523884	0.223831
0.459491	0.528945	0.227137
0.464299	0.528581	0.229459
0.487041	0.515276	0.236736
0.607256	0.453748	0.286471
1.04673	0.20921	0.473915
1.52404	-0.119013	0.583502
1.64226	-0.201349	0.592737
1.64476	-0.203192	0.592763
1.64476	-0.203192	0.592764
1.64476	-0.203192	0.592763
1.64476	-0.203192	0.592763
1.64476	-0.203192	0.592763
1.64476	-0.203192	0.592762
1.64476	-0.203192	0.592762
1.64476	-0.203192	0.592762
1.64476	-0.203192	0.592762
1.64552	-0.201721	0.592152
1.67513	-0.143998	0.56821
1.76066	0.0225211	0.499009
1.81585	0.129916	0.45432
-1.10705	0.519515	0.667592
-1.10703	0.519486	0.667615
-1.10703	0.519486	0.667615
-1.10703	0.519486	0.667615
-1.10703	0.519486	0.667615
-1.10703	0.519486	0.667616
-1.10703	0.519486	0.667615
-1.10703	0.519486	0.667615
-1.10703	0.519486	0.667615
-1.10703	0.519486	0.667615
-1.10701	0.519526	0.667615
-1.09663	0.536874	0.66731
-1.00631	0.672948	0.66119
-0.886837	0.799228	0.643423
-0.452223	0.738047	0.509015
0.155511	0.591648	0.314854
0.393965	0.535502	0.240926
0.447261	0.527077	0.227221
0.457259	0.528668	0.226762
0.459454	0.530551	0.227719
0.460431	0.531303	0.22838
0.462886	0.530263	0.229286
0.47621	0.524125	0.234855
0.565824	0.537566	0.312888
0.883775	0.4477	0.501591
1.34669	0.0841436	0.590211
1.60765	-0.162277	0.594957
1.6442	-0.202455	0.592824
1.64476	-0.203191	0.592764
1.64476	-0.203192	0.592764
1.64476	-0.203192	0.592763
1.64476	-0.203192	0.592763
1.64476	-0.203192	0.592762
1.64476	-0.203192	0.592762
1.64476	-0.203192	0.592762
1.64499	-0.202761	0.592584
1.65703	-0.179182	0.582843
1.72147	-0.0529802	0.530696
1.79389	0.0888937	0.472059
1.82573	0.151127	0.446331
-1.10749	0.520573	0.666872
-1.10703	0.519487	0.667615
-1.10703	0.519486	0.667615
-1.10703	0.519486	0.667616
-1.10703	0.519486	0.667616
-1.10703	0.519486	0.667616
-1.10703	0.519486	0.667616
-1.10703	0.519486	0.667616
-1.10703	0.519486	0.667615
-1.10703	0.519487	0.667615
-1.10626	0.520972	0.667638
-1.07597	0.578697	0.668389
-0.987457	0.743986	0.669784
-0.915666	0.846092	0.665536
-0.521243	0.778226	0.543243
0.126447	0.615641	0.334674
0.39166	0.547842	0.249381
0.449378	0.533644	0.231239
0.458733	0.531835	0.228632
0.460079	0.531842	0.228465
0.460499	0.531822	0.228584
0.462028	0.531542	0.229497
0.480511	0.551492	0.257658
0.57056	0.656514	0.400483
0.746	0.690831	0.555295
1.09234	0.425185	0.61391
1.45165	0.0503792	0.611515
1.61411	-0.157697	0.596964
1.64311	-0.200503	0.593005
1.64473	-0.203124	0.592767
1.64476	-0.20319	0.592763
1.64476	-0.203192	0.592762
1.64477	-0.203191	0.592762
1.64478	-0.203152	0.592745
1.64552	-0.201715	0.592152
1.65701	-0.17902	0.582781
1.70724	-0.0789937	0.541491
1.77618	0.059689	0.484263
1.81688	0.141952	0.450321
1.83105	0.169435	0.438965
-1.11676	0.536265	0.654181
-1.10683	0.519912	0.667611
-1.10703	0.519487	0.667615
-1.10703	0.519486	0.667616
-1.10703	0.519486	0.667616
-1.10703	0.519486	0.667616
-1.10703	0.519486	0.667616
-1.10703	0.519486	0.667616
-1.10703	0.519487	0.667615
-1.10681	0.519919	0.667623
-1.09473	0.543479	0.668046
-1.03008	0.669358	0.670261
-0.957234	0.810661	0.672633
-0.903809	0.867438	0.666975
-0.470763	0.772439	0.529864
0.155204	0.611227	0.32712
0.398744	0.547888	0.248307
0.450857	0.534373	0.231494
0.459102	0.532293	0.228878
0.460199	0.532087	0.228618
0.4612	0.533461	0.230249
0.473553	0.555818	0.255523
0.526984	0.652477	0.364856
0.606324	0.777549	0.51399
0.681979	0.81926	0.600336
0.851375	0.699123	0.629349
1.18552	0.394157	0.634811
1.44256	0.0999046	0.62033
1.57753	-0.0914124	0.602496
1.6305	-0.172786	0.593779
1.64456	-0.1952	0.591445
1.64668	-0.199181	0.591175
1.64789	-0.19705	0.590225
1.65388	-0.185114	0.585299
1.67488	-0.142214	0.567606
1.72044	-0.0445292	0.527383
1.77385	0.0794434	0.476462
1.80889	0.169798	0.43946
1.82378	0.209674	0.423146
1.82911	0.215704	0.420592
-1.19107	0.594467	0.577144
-1.09774	0.542346	0.666216
-1.10629	0.520924	0.667642
-1.10701	0.519525	0.667617
-1.10703	0.519488	0.667616
-1.10703	0.519486	0.667617
-1.10703	0.519488	0.667616
-1.10701	0.519525	0.667617
-1.10629	0.520924	0.667642
-1.0949	0.543179	0.668048
-1.04463	0.641353	0.66984
-0.975189	0.776949	0.672307
-0.933995	0.857225	0.673741
-0.868833	0.879244	0.661094
-0.332386	0.76638	0.507737
0.229937	0.608175	0.319385
0.416991	0.549761	0.249542
0.45524	0.537693	0.234977
0.462494	0.538292	0.235432
0.469278	0.549784	0.248069
0.490634	0.591092	0.293611
0.53746	0.68159	0.393566
0.59401	0.78851	0.512588
0.635077	0.856728	0.592264
0.662977	0.874421	0.625816
0.721727	0.834259	0.636079
0.962518	0.646956	0.645858
1.21978	0.419514	0.646797
1.37886	0.238187	0.630529
1.5164	0.0792794	0.600451
1.64954	-0.0422813	0.56295
1.69787	-0.0934615	0.548774
1.7066	-0.0788933	0.541471
1.72693	-0.029314	0.521136
1.75634	0.0588488	0.485168
1.78336	0.178031	0.436909
1.79827	0.300039	0.387869
1.8026	0.389613	0.352054
1.80398	0.42592	0.337548
1.80769	0.408571	0.344355
-1.36473	0.689841	0.410978
-1.07744	0.66116	0.637672
-1.07777	0.577056	0.668501
-1.09831	0.536513	0.667927
-1.10408	0.52525	0.667722
-1.10513	0.523199	0.667684
-1.10408	0.52525	0.667722
-1.09831	0.536512	0.667927
-1.0776	0.576965	0.668667
-1.03147	0.667092	0.670315
-0.975839	0.775755	0.672301
-0.938229	0.849217	0.673643
-0.920835	0.881922	0.674002
-0.831534	0.918811	0.656127
-0.305186	0.881449	0.55439
0.273455	0.737848	0.429936
0.467884	0.658158	0.362247
0.505008	0.637131	0.343295
0.519524	0.650304	0.358524
0.542151	0.6922	0.404787
0.57518	0.756248	0.475355
0.609232	0.822265	0.548186
0.63384	0.868833	0.600008
0.647561	0.891049	0.62621
0.656279	0.895573	0.635945
0.675161	0.883202	0.638824
0.841836	0.772624	0.647864
1.09151	0.592016	0.658386
1.23344	0.472576	0.650924
1.39018	0.372545	0.608573
1.64863	0.223812	0.521816
1.7816	0.0957324	0.475021
1.78986	0.11696	0.461059
1.7932	0.196092	0.429432
1.79045	0.346492	0.369583
1.77805	0.556217	0.286371
1.76162	0.759468	0.205854
1.74952	0.892053	0.15337
1.74549	0.937196	0.135498
1.75028	0.899652	0.150321
-1.49225	0.842508	0.25616
-1.1065	0.841828	0.54712
-0.993436	0.751768	0.667304
-1.02677	0.676274	0.670472
-1.04794	0.634915	0.669726
-1.05482	0.621464	0.669481
-1.04794	0.634914	0.669727
-1.02686	0.676092	0.67048
-0.994087	0.740112	0.67165
-0.959714	0.807256	0.672878
-0.934941	0.855646	0.673763
-0.922045	0.880795	0.674198
-0.903007	0.91215	0.672913
-0.804512	1.02126	0.658301
-0.49767	1.07121	0.620011
0.120824	0.943033	0.572142
0.480828	0.841358	0.540187
0.578057	0.811679	0.530773
0.602311	0.81705	0.541277
0.616668	0.838393	0.565549
0.63023	0.863886	0.593762
0.640987	0.884583	0.616644
0.647598	0.896907	0.630437
0.6511	0.902117	0.636794
0.653518	0.902765	0.639038
0.660921	0.89959	0.639763
0.788716	0.842609	0.647205
1.03247	0.685319	0.660478
1.18319	0.59703	0.65416
1.34869	0.585071	0.605724
1.60838	0.432594	0.514126
1.79985	0.222791	0.437928
1.81235	0.280663	0.395231
1.79073	0.489238	0.312698
1.75699	0.802704	0.188759
1.72785	1.07093	0.0827171
1.71441	1.19722	0.0327793
1.71062	1.2349	0.0178739
1.70995	1.24259	0.0148268
1.71071	1.23673	0.0171405
-1.53328	0.943991	0.185488
-1.10618	1.00851	0.48145
-0.898414	0.95111	0.661512
-0.942186	0.841566	0.672592
-0.962624	0.80161	0.672706
-0.967444	0.792175	0.672592
-0.963187	0.80048	0.67275
-0.952109	0.822115	0.673148
-0.938647	0.84841	0.67363
-0.927395	0.870388	0.67403
-0.919756	0.885291	0.674238
-0.90483	0.913838	0.673671
-0.850285	1.01275	0.669993
-0.768659	1.14174	0.662067
-0.648173	1.19378	0.651199
-0.109018	1.07557	0.633138
0.417846	0.939253	0.617968
0.595609	0.892911	0.613618
0.634045	0.886781	0.616637
0.643001	0.891213	0.623216
0.647019	0.897116	0.630098
0.649541	0.901592	0.635206
0.650982	0.904082	0.638097
0.651761	0.905038	0.639373
0.652388	0.905015	0.6398
0.657394	0.908588	0.640008
0.761172	0.934347	0.64453
0.998796	0.847064	0.650037
1.19474	0.783567	0.633742
1.34762	0.773128	0.59387
1.53818	0.625161	0.522544
1.75226	0.39095	0.415964
1.79252	0.517771	0.302512
1.74894	0.901459	0.14964
1.71639	1.18235	0.0386452
1.709	1.24831	0.0125736
1.70858	1.25372	0.0104328
1.7086	1.25443	0.0101474
1.70861	1.25465	0.0100586
1.70861	1.25472	0.0100345
-1.52619	0.987556	0.173353
-1.05487	1.11382	0.477454
-0.804876	1.1301	0.659606
-0.85135	1.01968	0.669911
-0.898998	0.926314	0.672303
-0.920104	0.884862	0.673422
-0.924475	0.876191	0.673825
-0.922481	0.880024	0.674016
-0.917931	0.888885	0.674092
-0.90924	0.905832	0.673877
-0.886429	0.950217	0.672808
-0.838842	1.04208	0.670263
-0.781578	1.14987	0.666829
-0.740648	1.22078	0.663673
-0.697017	1.24345	0.660673
-0.265759	1.13997	0.651132
0.349506	0.980443	0.639076
0.587707	0.91863	0.634853
0.639248	0.906055	0.635031
0.648314	0.904787	0.636515
0.650333	0.905187	0.638025
0.651158	0.90556	0.639082
0.651578	0.905739	0.639647
0.651795	0.905783	0.639875
0.651991	0.905791	0.639913
0.661593	0.923585	0.64009
0.748384	1.05358	0.641705
0.934867	1.08576	0.636921
1.16251	0.985227	0.61647
1.32422	0.909025	0.585677
1.46551	0.802102	0.524312
1.65712	0.666749	0.383048
1.74554	0.854885	0.17966
1.71635	1.18737	0.036683
1.70872	1.25297	0.0107282
1.7086	1.25446	0.0101379
1.7086	1.25463	0.0100704
1.70861	1.2547	0.0100403
1.70861	1.25473	0.0100294
1.70861	1.25474	0.0100262
-1.5184	1.00668	0.170739
-1.02991	1.16015	0.476562
-0.757293	1.22828	0.654601
-0.771341	1.18176	0.663382
-0.804765	1.11389	0.666381
-0.836501	1.04991	0.669027
-0.856636	1.00942	0.670697
-0.862503	0.997422	0.671338
-0.854549	1.01274	0.671093
-0.83272	1.05524	0.670034
-0.799893	1.11904	0.66834
-0.765839	1.18456	0.666515
-0.740619	1.2312	0.665049
-0.725707	1.25501	0.663991
-0.701835	1.26053	0.662866
-0.313322	1.16372	0.655367
0.322192	0.999628	0.643713
0.580201	0.93301	0.639135
0.636698	0.91757	0.638499
0.646893	0.912997	0.638876
0.649478	0.910077	0.639355
0.650713	0.907977	0.639691
0.651369	0.906788	0.639845
0.651657	0.906376	0.639825
0.652522	0.908093	0.639602
0.682305	0.966985	0.639881
0.768193	1.13451	0.641178
0.852586	1.22182	0.63768
1.04195	1.13755	0.615576
1.25939	1.01117	0.577987
1.41271	0.938652	0.504414
1.58568	0.940008	0.319327
1.70371	1.13146	0.0814371
1.70896	1.25086	0.0116694
1.70861	1.25468	0.0100514
1.70861	1.25471	0.0100377
1.70861	1.25473	0.0100304
1.70861	1.25473	0.0100271
1.70861	1.25474	0.0100258
1.70861	1.25474	0.0100255
-1.52334	1.0412	0.148337
-1.06772	1.19267	0.429625
-0.759277	1.28442	0.625471
-0.74564	1.26929	0.64338
-0.751689	1.24042	0.652266
-0.760639	1.20959	0.659449
-0.768694	1.18597	0.663844
-0.771484	1.17687	0.665842
-0.767008	1.18421	0.666314
-0.756614	1.20388	0.666002
-0.744001	1.22764	0.665406
-0.732469	1.24759	0.664794
-0.722196	1.26077	0.664181
-0.710326	1.26912	0.663398
-0.672379	1.2703	0.661868
-0.243416	1.16946	0.653336
0.348594	1.02386	0.642038
0.573181	0.968886	0.637771
0.623263	0.951869	0.637258
0.635928	0.938813	0.637878
0.642652	0.92592	0.638685
0.647267	0.91601	0.639274
0.64991	0.910454	0.639446
0.651239	0.909295	0.638973
0.66347	0.934935	0.637652
0.726822	1.06578	0.635774
0.796234	1.21347	0.631191
0.827499	1.28213	0.622235
0.913131	1.26042	0.599454
1.14946	1.13475	0.548185
1.36374	1.05786	0.453384
1.57104	1.10788	0.234963
1.69896	1.23135	0.0332258
1.7086	1.25465	0.0100772
1.70861	1.25473	0.0100291
1.70861	1.25474	0.0100275
1.70861	1.25474	0.0100264
1.70861	1.25474	0.0100258
1.70861	1.25474	0.0100255
1.70861	1.25474	0.0100254
-1.44328	1.2675	0.0960822
-1.12931	1.3628	0.290755
-0.830324	1.41535	0.496739
-0.779664	1.38286	0.554619
-0.761691	1.33497	0.595425
-0.747868	1.29349	0.629156
-0.740121	1.26669	0.649849
-0.736297	1.25438	0.659596
-0.733528	1.2522	0.663201
-0.730289	1.25542	0.66422
-0.725684	1.26058	0.664308
-0.71707	1.26647	0.663884
-0.697933	1.2746	0.662699
-0.659083	1.2882	0.660213
-0.548446	1.30021	0.654903
-0.0407001	1.21487	0.642779
0.399237	1.12901	0.632263
0.532213	1.10709	0.628802
0.567245	1.0839	0.629277
0.590217	1.04163	0.631692
0.613274	0.99164	0.634651
0.632043	0.950492	0.636883
0.644091	0.928147	0.637364
0.660242	0.944502	0.63492
0.709512	1.0522	0.627285
0.769761	1.20926	0.609314
0.793689	1.32285	0.577405
0.789369	1.39169	0.536758
0.803035	1.42538	0.493519
0.969877	1.37038	0.427595
1.24469	1.25831	0.338036
1.55567	1.21628	0.153906
1.7027	1.25073	0.0175943
1.70861	1.25474	0.0100293
1.70861	1.25474	0.0100272
1.70861	1.25474	0.0100266
1.70861	1.25474	0.0100261
1.70861	1.25474	0.0100257
1.70861	1.25474	0.0100255
1.70861	1.25474	0.0100254
-1.20538	1.72498	0.0332856
-1.10682	1.76089	0.0874953
-0.980049	1.74367	0.193754
-0.904441	1.66571	0.296342
-0.85032	1.5462	0.406688
-0.795657	1.42284	0.519617
-0.75679	1.33461	0.600171
-0.736856	1.28954	0.64135
-0.728584	1.27252	0.657321
-0.723909	1.26828	0.662265
-0.714925	1.27006	0.663193
-0.687755	1.27899	0.661889
-0.617506	1.30231	0.657521
-0.479379	1.34846	0.648475
-0.222798	1.41682	0.630815
0.19634	1.42861	0.616873
0.388293	1.427	0.610678
0.414131	1.42969	0.608652
0.430753	1.39951	0.610069
0.46687	1.32087	0.614763
0.522679	1.20162	0.621944
0.585041	1.08622	0.628706
0.645494	1.0414	0.630261
0.708021	1.10769	0.619114
0.754338	1.24895	0.581672
0.754403	1.40396	0.504316
0.714063	1.55235	0.394467
0.666764	1.6763	0.287363
0.646567	1.7499	0.213982
0.71984	1.75316	0.161598
0.992565	1.61	0.12834
1.47577	1.34763	0.0719102
1.70201	1.25609	0.0130479
1.70861	1.25474	0.0100273
1.70861	1.25474	0.0100268
1.70861	1.25474	0.0100264
1.70861	1.25474	0.010026
1.70861	1.25474	0.0100257
1.70861	1.25474	0.0100255
1.70861	1.25474	0.0100254
-1.05174	1.96569	0.0107772
-1.04681	1.96996	0.0119329
-1.04225	1.96615	0.0175167
-1.02855	1.94372	0.0408573
-0.992481	1.86442	0.11429
-0.915787	1.69343	0.271702
-0.824726	1.49051	0.458512
-0.763211	1.35384	0.584367
-0.735162	1.29455	0.639278
-0.719785	1.27724	0.656869
-0.6897	1.28093	0.660168
-0.599604	1.309	0.655839
-0.39135	1.37753	0.642833
-0.0782025	1.48754	0.620473
0.192062	1.58018	0.600881
0.313311	1.60397	0.597523
0.33541	1.6096	0.597226
0.336227	1.61091	0.59711
0.338469	1.60722	0.597365
0.349683	1.58898	0.598694
0.391207	1.52655	0.603322
0.490754	1.40467	0.612078
0.624471	1.30748	0.612116
0.715811	1.33271	0.570268
0.716653	1.48369	0.450019
0.646608	1.701	0.265991
0.574764	1.8761	0.111316
0.542572	1.95375	0.0405867
0.543963	1.96928	0.0203398
0.596177	1.94135	0.0153356
0.81742	1.80516	0.0148832
1.34875	1.47446	0.015803
1.6923	1.26426	0.0108419
1.70861	1.25474	0.0100268
1.70861	1.25474	0.0100264
1.70861	1.25474	0.0100262
1.70861	1.25474	0.0100258
1.70861	1.25474	0.0100256
1.70861	1.25474	0.0100254
1.70861	1.25474	0.0100254
-1.04331	1.97753	0.010105
-1.04331	1.97754	0.0101055
-1.04331	1.97753	0.0101076
-1.04327	1.97747	0.0101724
-1.04198	1.97479	0.012691
-1.0229	1.9323	0.0518284
-0.94032	1.74835	0.221216
-0.826413	1.4958	0.453926
-0.7548	1.34521	0.59346
-0.710853	1.29626	0.643149
-0.625342	1.30651	0.652567
-0.395711	1.37837	0.641546
-0.00786466	1.51075	0.615909
0.269918	1.60187	0.598474
0.32921	1.61582	0.596618
0.332635	1.61619	0.596672
0.332711	1.6162	0.596678
0.332713	1.6162	0.596678
0.332715	1.6162	0.596678
0.33276	1.61616	0.596682
0.334492	1.61462	0.59684
0.362374	1.59246	0.598503
0.481775	1.52024	0.590078
0.608512	1.53272	0.489291
0.597119	1.74494	0.25146
0.539594	1.93736	0.0624598
0.525013	1.98538	0.0148101
0.526087	1.98841	0.0103188
0.534009	1.98381	0.00993464
0.572832	1.95974	0.00990114
0.740198	1.85582	0.009932
1.20523	1.56711	0.0100157
1.65418	1.28849	0.0100687
1.7085	1.25481	0.0100267
1.70861	1.25474	0.010026
1.70861	1.25474	0.0100258
1.70861	1.25474	0.0100256
1.70861	1.25474	0.0100255
1.70861	1.25474	0.0100254
1.70861	1.25474	0.0100254
-1.04331	1.97754	0.0101047
-1.04331	1.97754	0.0101048
-1.04331	1.97754	0.010105
-1.04331	1.97754	0.0101052
-1.04331	1.97754	0.0101063
-1.0429	1.97679	0.0108363
-1.02282	1.93438	0.0505525
-0.917634	1.7046	0.263155
-0.791337	1.44396	0.505423
-0.690319	1.33962	0.613866
-0.49397	1.36961	0.633552
-0.0831533	1.50263	0.613476
0.268334	1.60398	0.597273
0.331211	1.61621	0.596475
0.332617	1.61622	0.596637
0.332696	1.6162	0.59667
0.33271	1.6162	0.596677
0.332712	1.6162	0.596678
0.332713	1.6162	0.596678
0.332713	1.6162	0.596678
0.332713	1.6162	0.596677
0.333266	1.61586	0.596682
0.360263	1.60526	0.590001
0.4586	1.65521	0.46019
0.497276	1.87317	0.170022
0.514154	1.96899	0.0423025
0.522411	1.98607	0.0158165
0.52493	1.98874	0.0107762
0.529665	1.98646	0.00999507
0.552843	1.97215	0.00990007
0.658336	1.90667	0.00990451
1.00137	1.69373	0.0099482
1.52448	1.36902	0.0100089
1.70407	1.25756	0.0100257
1.70861	1.25474	0.0100257
1.70861	1.25474	0.0100256
1.70861	1.25474	0.0100255
1.70861	1.25474	0.0100254
1.70861	1.25474	0.0100254
1.70861	1.25474	0.0100253
-1.04331	1.97754	0.0101047
-1.04331	1.97754	0.0101048
-1.04331	1.97754	0.0101049
-1.04331	1.97754	0.0101052
-1.04331	1.97754	0.0101055
-1.04331	1.97754	0.0101065
-1.04178	1.97547	0.0123864
-0.985371	1.8893	0.10279
-0.814031	1.63193	0.369489
-0.619276	1.48723	0.543692
-0.283002	1.51999	0.587047
0.172743	1.60004	0.591297
0.326095	1.61677	0.595296
0.331974	1.61639	0.596362
0.332555	1.61624	0.59661
0.332685	1.61621	0.596665
0.332709	1.6162	0.596676
0.332712	1.6162	0.596678
0.332713	1.6162	0.596678
0.332713	1.6162	0.596677
0.332713	1.6162	0.596677
0.332713	1.6162	0.596677
0.334202	1.61605	0.595811
0.370726	1.65869	0.518543
0.449413	1.84108	0.242573
0.503897	1.95045	0.071946
0.520348	1.98238	0.0217466
0.524026	1.98855	0.0116749
0.526648	1.98824	0.0101049
0.538035	1.98134	0.00990879
0.591947	1.94789	0.00989516
0.790558	1.8246	0.00991758
1.23768	1.54706	0.00997094
1.63351	1.30135	0.0100171
1.70727	1.25557	0.0100253
1.70861	1.25474	0.0100254
1.70861	1.25474	0.0100254
1.70861	1.25474	0.0100254
1.70861	1.25474	0.0100253
1.70861	1.25474	0.0100253
-1.04331	1.97754	0.0101047
-1.04331	1.97754	0.0101048
-1.04331	1.97754	0.010105
-1.04331	1.97754	0.0101054
-1.04331	1.97754	0.0101058
-1.04331	1.97754	0.0101062
-1.04326	1.9775	0.0101634
-1.02213	1.95882	0.0353566
-0.839141	1.80265	0.244063
-0.54528	1.64971	0.465371
-0.110146	1.61877	0.555142
0.273465	1.61999	0.587708
0.328373	1.61731	0.594863
0.331701	1.61646	0.596245
0.332499	1.61626	0.596586
0.332675	1.61621	0.596661
0.332707	1.6162	0.596675
0.332712	1.6162	0.596677
0.332713	1.6162	0.596677
0.332713	1.6162	0.596677
0.332713	1.6162	0.596677
0.332713	1.6162	0.596677
0.332748	1.61621	0.596641
0.342631	1.63271	0.56973
0.416559	1.77987	0.339712
0.491931	1.92711	0.108595
0.517824	1.9776	0.0293008
0.523341	1.988	0.0128312
0.525003	1.98914	0.0102469
0.529647	1.98653	0.009922
0.551895	1.97275	0.0098913
0.640249	1.91791	0.00989903
0.894025	1.76038	0.00992903
1.32224	1.49457	0.0099798
1.63309	1.30162	0.0100165
1.70424	1.25754	0.0100248
1.70855	1.2548	0.0100253
1.70861	1.25474	0.0100253
1.70861	1.25474	0.0100253
1.70861	1.25474	0.0100253
-1.04331	1.97754	0.0101047
-1.04331	1.97754	0.0101048
-1.04331	1.97754	0.010105
-1.04331	1.97754	0.0101054
-1.04331	1.97754	0.0101059
-1.04331	1.97754	0.0101063
-1.0433	1.97754	0.0101088
-1.03549	1.97211	0.0184782
-0.877368	1.86848	0.177926
-0.523284	1.71184	0.424374
-0.0225982	1.64302	0.54587
0.297911	1.62187	0.587188
0.327812	1.61749	0.594589
0.331574	1.6165	0.596191
0.332475	1.61626	0.596575
0.33267	1.61621	0.596659
0.332707	1.6162	0.596674
0.332712	1.6162	0.596677
0.332713	1.6162	0.596677
0.332713	1.6162	0.596677
0.332713	1.6162	0.596677
0.332713	1.6162	0.596677
0.332714	1.6162	0.596675
0.33599	1.62226	0.58704
0.395524	1.73885	0.404127
0.481999	1.90772	0.13903
0.515637	1.97339	0.0359347
0.522883	1.98743	0.0138573
0.524281	1.98948	0.0103732
0.525914	1.98884	0.00993424
0.533362	1.98425	0.00989011
0.563989	1.96524	0.00988997
0.662744	1.90394	0.00990142
0.892614	1.76126	0.00992866
1.23448	1.54905	0.00996918
1.52478	1.37016	0.010003
1.67356	1.28424	0.0100181
1.70677	1.26222	0.0100226
1.71001	1.25891	0.0100235
1.71161	1.26095	0.0100224
-1.04331	1.97754	0.0101047
-1.04331	1.97754	0.0101048
-1.04331	1.97754	0.010105
-1.04331	1.97754	0.0101054
-1.04331	1.97754	0.0101058
-1.04331	1.97754	0.0101062
-1.04331	1.97754	0.010107
-1.03809	1.97411	0.0155625
-0.891492	1.88388	0.159238
-0.517747	1.72532	0.41356
0.00553212	1.64639	0.54498
0.30305	1.62181	0.587472
0.328053	1.61742	0.59469
0.331659	1.61648	0.596228
0.332496	1.61626	0.596584
0.332674	1.61621	0.59666
0.332707	1.6162	0.596674
0.332712	1.6162	0.596676
0.332713	1.6162	0.596677
0.332713	1.6162	0.596677
0.332713	1.6162	0.596677
0.332713	1.6162	0.596677
0.332713	1.6162	0.596676
0.334826	1.62018	0.590375
0.388581	1.7253	0.425409
0.478149	1.90021	0.15083
0.514759	1.9717	0.0386037
0.522707	1.98719	0.014273
0.524032	1.9896	0.0104243
0.524591	1.98966	0.0099392
0.526631	1.98843	0.00988973
0.535096	1.98318	0.00988656
0.56359	1.96549	0.00988965
0.638466	1.91901	0.0098985
0.785616	1.82767	0.00991594
1.0008	1.69735	0.00994014
1.36664	1.5299	0.00995946
1.66318	1.40541	0.00997048
1.7447	1.36861	0.00997447
1.76785	1.37792	0.00996757
